1.000000000 -0.000000000 0.000000000 -0.000000000 -0.000000000 1.000000000 0.000000000 0.000000119 0.000000000 0.000000000 0.999999940 0.000000004
0.999991238 -0.002490116 -0.003358936 -0.002823020 0.002482720 0.999994516 -0.002204352 -0.005170050 0.003364406 0.002195993 0.999991894 0.666637659
0.999970138 -0.001358281 -0.007605532 -0.009563478 0.001330550 0.999992490 -0.003650113 -0.007689926 0.007610432 0.003639885 0.999964356 1.367374778
0.999935389 -0.001044386 -0.011320215 -0.026775833 0.000987224 0.999986768 -0.005053902 -0.010648744 0.011325341 0.005042399 0.999923050 2.067849159
0.999869943 0.000169936 -0.016128045 -0.048488673 -0.000263568 0.999983132 -0.005803602 -0.012956496 0.016126782 0.005807099 0.999853015 2.800562143
0.999788761 -0.000597783 -0.020541104 -0.061228961 0.000480931 0.999983609 -0.005693133 -0.029503714 0.020544171 0.005682051 0.999772727 3.525044441
0.999681771 0.001133499 -0.025201002 -0.084820591 -0.001311310 0.999974310 -0.007040319 -0.033779781 0.025192373 0.007071124 0.999657512 4.280767441
0.999550223 0.003852181 -0.029740114 -0.119563058 -0.004081025 0.999962449 -0.007637944 -0.044195760 0.029709572 0.007755878 0.999528348 5.036228657
0.999418318 0.004089744 -0.033857338 -0.149107307 -0.004288103 0.999974072 -0.005788165 -0.055800065 0.033832785 0.005929981 0.999409854 5.801875114
0.999256611 0.003461904 -0.038397692 -0.183644906 -0.003596579 0.999987662 -0.003438852 -0.058641993 0.038385324 0.003574395 0.999256551 6.603503227
0.999141991 0.003193526 -0.041294914 -0.227267444 -0.003212227 0.999994814 -0.000386526 -0.071457006 0.041293457 0.000518843 0.999146879 7.404501438
0.999019265 0.004629877 -0.044035494 -0.265739501 -0.004696039 0.999987960 -0.001399123 -0.076152779 0.044028480 0.001604543 0.999028981 8.211668015
0.998918414 0.004091003 -0.046318479 -0.308309197 -0.004162543 0.999990284 -0.001448195 -0.083056711 0.046312101 0.001639431 0.998925626 9.034652710
0.998864949 0.001524121 -0.047608223 -0.355880082 -0.001631844 0.999996245 -0.002223914 -0.087969273 0.047604650 0.002299079 0.998863578 9.859026909
0.998725414 0.000837928 -0.050468516 -0.386666059 -0.000901902 0.999998748 -0.001244837 -0.096933268 0.050467424 0.001288768 0.998724818 10.705998421
0.998641551 -0.000726479 -0.052102253 -0.431544185 0.000635848 0.999998212 -0.001756034 -0.102780618 0.052103434 0.001720519 0.998640239 11.558384895
0.998558164 0.001557520 -0.053658646 -0.487863541 -0.001757102 0.999991655 -0.003672505 -0.115822211 0.053652488 0.003761493 0.998552501 12.415911674
0.998479366 0.002103124 -0.055086836 -0.536979318 -0.002482984 0.999973655 -0.006828129 -0.119966336 0.055071011 0.006954527 0.998458147 13.275266647
0.998370886 0.005625153 -0.056780882 -0.596304655 -0.006097561 0.999948204 -0.008150017 -0.136165112 0.056732085 0.008482963 0.998353362 14.149805069
0.998296738 0.007125356 -0.057903074 -0.650351107 -0.007600698 0.999939144 -0.007993201 -0.145614922 0.057842594 0.008419690 0.998290181 15.031715393
0.998229980 0.006153893 -0.059153374 -0.708869457 -0.006552320 0.999957085 -0.006543861 -0.158594593 0.059110574 0.006919870 0.998227417 15.922963142
0.998137236 0.007088002 -0.060596485 -0.769475818 -0.007408601 0.999959767 -0.005067674 -0.170157284 0.060558133 0.005507171 0.998149455 16.826370239
0.998084486 0.006767560 -0.061494168 -0.821922064 -0.007079408 0.999963164 -0.004854738 -0.187594503 0.061459038 0.005280782 0.998095632 17.714645386
0.997978330 0.006671392 -0.063203909 -0.883577108 -0.007047728 0.999958694 -0.005733268 -0.199631304 0.063163042 0.006167122 0.997984171 18.619039536
0.997917175 0.005227234 -0.064296149 -0.943144560 -0.005652582 0.999963403 -0.006435330 -0.214612395 0.064260155 0.006785364 0.997910082 19.531461716
0.997865796 0.004727031 -0.065126956 -0.999428630 -0.005026286 0.999977648 -0.004431869 -0.228346020 0.065104544 0.004749758 0.997867107 20.456012726
0.997869611 0.006370884 -0.064930514 -1.069111943 -0.006478066 0.999978006 -0.001440289 -0.236537874 0.064919919 0.001857844 0.997888744 21.385272980
0.997911870 0.007121678 -0.064196683 -1.127890944 -0.006973302 0.999972463 0.002535049 -0.249233276 0.064212963 -0.002082092 0.997934043 22.315092087
0.998027265 0.006088533 -0.062485717 -1.191102743 -0.005769168 0.999969363 0.005290141 -0.255188376 0.062515996 -0.004919215 0.998031914 23.244918823
0.998123705 0.006470158 -0.060888182 -1.255688667 -0.006112779 0.999962986 0.006053884 -0.259136885 0.060925100 -0.005670328 0.998126268 24.189918518
0.998198032 0.006521698 -0.059650239 -1.309230566 -0.006334802 0.999974430 0.003321764 -0.269822478 0.059670374 -0.002937905 0.998213768 25.128343582
0.998254776 0.007059600 -0.058631551 -1.368257165 -0.007149494 0.999973536 -0.001323566 -0.280368030 0.058620658 0.001740442 0.998278797 26.071636200
0.998362899 0.006222924 -0.056859512 -1.429106712 -0.006461295 0.999971151 -0.004009397 -0.290380925 0.056832924 0.004370220 0.998374104 27.000135422
0.998364806 0.004399723 -0.056994997 -1.476950765 -0.004599710 0.999983728 -0.003378112 -0.295450807 0.056979205 0.003634748 0.998368740 27.980958939
0.998360872 0.002221748 -0.057190642 -1.533349395 -0.002130534 0.999996424 0.001655839 -0.308233261 0.057194110 -0.001531278 0.998361886 28.951093674
0.998321712 -0.000974304 -0.057904296 -1.588864446 0.001267154 0.999986589 0.005020982 -0.317439973 0.057898629 -0.005085929 0.998309493 29.918327332
0.998230398 -0.008193330 -0.058897659 -1.641923070 0.008471000 0.999954164 0.004466331 -0.326438129 0.058858357 -0.004957349 0.998254001 30.888479233
0.998115838 -0.010135321 -0.060515288 -1.690820456 0.010169297 0.999948323 0.000253495 -0.328396916 0.060509577 -0.000868415 0.998167217 31.855747223
0.998045027 -0.009633866 -0.061752394 -1.753749728 0.009428965 0.999949157 -0.003608648 -0.338859200 0.061784018 0.003019332 0.998084903 32.820831299
0.997923076 -0.008681229 -0.063829198 -1.817273855 0.008428460 0.999955475 -0.004228308 -0.349969238 0.063863076 0.003681544 0.997951806 33.796817780
0.997845113 -0.009114407 -0.064975783 -1.877455592 0.008949557 0.999955952 -0.002827722 -0.360621005 0.064998694 0.002240124 0.997882783 34.799514771
0.997785926 -0.005620243 -0.066269085 -1.949213028 0.005624880 0.999984205 -0.000116619 -0.376409382 0.066268690 -0.000256395 0.997801721 35.790145874
0.997707427 -0.005323836 -0.067465886 -2.014468908 0.005430748 0.999984264 0.001401375 -0.393289894 0.067457370 -0.001764551 0.997720540 36.769844055
0.997629225 -0.004437918 -0.068674967 -2.083471537 0.004711176 0.999981642 0.003817554 -0.397221625 0.068656757 -0.004132044 0.997631729 37.772365570
0.997651339 -0.003856814 -0.068388060 -2.146420002 0.004347894 0.999965906 0.007033408 -0.412026227 0.068358585 -0.007314233 0.997633934 38.747467041
0.997637928 0.001657652 -0.068671830 -2.234541655 -0.001029890 0.999957383 0.009175885 -0.410735995 0.068684109 -0.009083485 0.997597039 39.747337341
0.997617722 0.001781516 -0.068962507 -2.306656599 -0.001188086 0.999961972 0.008645162 -0.418438107 0.068975277 -0.008542631 0.997581720 40.736915588
0.997617543 0.001312377 -0.068975054 -2.376136780 -0.000846380 0.999976695 0.006784813 -0.416690320 0.068982355 -0.006710269 0.997595251 41.723991394
0.997612417 0.003952698 -0.068947606 -2.448105097 -0.003644966 0.999982834 0.004588509 -0.425960273 0.068964556 -0.004326242 0.997609735 42.706695557
0.997550130 0.003555574 -0.069863230 -2.519588470 -0.003228305 0.999983370 0.004796769 -0.434583426 0.069879115 -0.004559478 0.997545004 43.701999664
0.997462630 0.001418357 -0.071178429 -2.589452744 -0.000996648 0.999981701 0.005959837 -0.441725165 0.071185596 -0.005873773 0.997445703 44.685379028
0.997389734 0.001876562 -0.072180822 -2.660825729 -0.001369574 0.999974132 0.007072712 -0.448874682 0.072192222 -0.006955393 0.997366428 45.678386688
0.997387946 0.004437195 -0.072094955 -2.740762711 -0.004190297 0.999984860 0.003575493 -0.463477254 0.072109729 -0.003264054 0.997391224 46.639492035
0.997326791 0.004742062 -0.072915941 -2.820719242 -0.004812466 0.999988139 -0.000789915 -0.470058620 0.072911330 0.001138709 0.997337639 47.601253510
0.997288406 0.005727621 -0.073370315 -2.902431488 -0.005894079 0.999980450 -0.002052432 -0.474436849 0.073357113 0.002479316 0.997302532 48.558521271
0.997238874 0.004054443 -0.074150383 -2.960588455 -0.003919600 0.999990523 0.001963933 -0.497667432 0.074157611 -0.001667870 0.997245133 49.547447205
0.997262061 0.002343817 -0.073911421 -3.038866997 -0.002020291 0.999988079 0.004451687 -0.500308633 0.073920965 -0.004290175 0.997254848 50.518280029
0.997228503 0.000167610 -0.074400239 -3.108543634 0.000258864 0.999983668 0.005722486 -0.518408537 0.074399970 -0.005725885 0.997211993 51.468769073
0.997198820 -0.003325653 -0.074723020 -3.180749416 0.003668294 0.999983430 0.004448708 -0.524089158 0.074706964 -0.004710351 0.997194409 52.432491302
0.997177839 -0.006010457 -0.074834853 -3.253607512 0.006281918 0.999974489 0.003392619 -0.539364696 0.074812561 -0.003853150 0.997190177 53.377700806
0.997120798 -0.007376567 -0.075470187 -3.329936743 0.007728924 0.999960542 0.004377835 -0.548839450 0.075434916 -0.004948533 0.997138441 54.329837799
0.996987164 -0.010942696 -0.076792687 -3.398207903 0.011657507 0.999892652 0.008866238 -0.555693984 0.076687440 -0.009734737 0.997007668 55.285495758
0.996919036 -0.011308280 -0.077617839 -3.468213797 0.012402794 0.999830067 0.013633761 -0.559642673 0.077450469 -0.014554432 0.996889889 56.230819702
0.996916533 -0.009394174 -0.077905208 -3.551047087 0.010669390 0.999815464 0.015968751 -0.562065303 0.077740818 -0.016750708 0.996832788 57.178451538
0.996812403 -0.008218492 -0.079357401 -3.627173424 0.009202953 0.999885023 0.012047647 -0.564129174 0.079249263 -0.012739561 0.996773362 58.111606598
0.996698499 -0.006735685 -0.080911681 -3.703519821 0.007091954 0.999966383 0.004116597 -0.568976462 0.080881216 -0.004676827 0.996712744 59.022815704
0.996657491 -0.004475617 -0.081571162 -3.787392139 0.004402425 0.999989748 -0.001077115 -0.572973132 0.081575148 0.000714405 0.996666908 59.930252075
0.996593535 0.000130349 -0.082469627 -3.873071671 -0.000120978 1.000000000 0.000118616 -0.588071644 0.082469627 -0.000108235 0.996593535 60.837924957
0.996489346 0.002687788 -0.083676845 -3.958535433 -0.002472535 0.999993324 0.002675945 -0.602547705 0.083683491 -0.002459656 0.996489227 61.732028961
0.996406019 0.005752916 -0.084510706 -4.036877632 -0.005427391 0.999977052 0.004081129 -0.618972898 0.084532231 -0.003607790 0.996414125 62.603576660
0.996310353 0.006472697 -0.085579410 -4.116283894 -0.006181480 0.999974191 0.003667435 -0.626827002 0.085600935 -0.003124896 0.996324480 63.466823578
0.996165574 0.007923415 -0.087128446 -4.197952747 -0.007531742 0.999960065 0.004823194 -0.638857126 0.087163173 -0.004148472 0.996185362 64.318855286
0.996038735 0.008885806 -0.088475645 -4.277315617 -0.008442528 0.999949932 0.005383127 -0.651376128 0.088519044 -0.004614845 0.996063769 65.153030396
0.995903730 0.008800540 -0.089990571 -4.351613045 -0.008303972 0.999948204 0.005890924 -0.661374331 0.090037748 -0.005119514 0.995925128 65.971267700
0.995808065 0.008502983 -0.091071740 -4.429268837 -0.007907307 0.999944985 0.006899568 -0.668253541 0.091125377 -0.006150514 0.995820343 66.777420044
0.995645642 0.011454402 -0.092512600 -4.508236408 -0.010611516 0.999897659 0.009597854 -0.674084365 0.092613056 -0.008574362 0.995665252 67.564720154
0.995503545 0.012601247 -0.093882404 -4.587003708 -0.011344436 0.999838948 0.013908798 -0.681390822 0.094042540 -0.012781216 0.995486081 68.363227844
0.995304167 0.015634313 -0.095525987 -4.669224739 -0.014215889 0.999778688 0.015511144 -0.683730245 0.095747344 -0.014080320 0.995306015 69.135314941
0.995128870 0.018629152 -0.096806660 -4.749207497 -0.017601548 0.999779582 0.011458240 -0.692836761 0.096998781 -0.009698478 0.995237112 69.881263733
0.994991004 0.018528676 -0.098231740 -4.823442459 -0.018203786 0.999825418 0.004202707 -0.700863242 0.098292477 -0.002393465 0.995154679 70.605606079
0.994852543 0.017776055 -0.099761479 -4.897654533 -0.018032197 0.999836028 -0.001666362 -0.707791388 0.099715516 0.003456703 0.995009899 71.317520142
0.994795918 0.018359289 -0.100220993 -4.972373962 -0.018745672 0.999820113 -0.002914870 -0.712781250 0.100149453 0.004778412 0.994960845 72.010643005
0.994664788 0.020853767 -0.101028711 -5.047231197 -0.020901313 0.999781430 0.000588008 -0.721169651 0.101018891 0.001526762 0.994883239 72.681632996
0.994533598 0.021596959 -0.102158614 -5.125444412 -0.021392774 0.999766409 0.003094000 -0.739753008 0.102201559 -0.000891630 0.994763315 73.340270996
0.994494379 0.018302172 -0.103178598 -5.188622475 -0.018416893 0.999830544 -0.000159278 -0.752952754 0.103158183 0.002058631 0.994662762 73.970909119
0.994605303 0.009945765 -0.103253558 -5.239871025 -0.010559450 0.999929667 -0.005398559 -0.763903141 0.103192598 0.006459737 0.994640350 74.573013306
0.994718611 0.006336535 -0.102443784 -5.293138504 -0.007442325 0.999917924 -0.010415516 -0.770924747 0.102369368 0.011122927 0.994684219 75.173698425
0.995013416 0.007593324 -0.099452168 -5.355724335 -0.008683292 0.999906838 -0.010531436 -0.783649743 0.099362925 0.011342491 0.994986594 75.755683899
0.995400012 0.012947661 -0.094927303 -5.423141956 -0.013686033 0.999880910 -0.007131336 -0.800498605 0.094823651 0.008397711 0.995458543 76.316352844
0.995863140 0.011332150 -0.090156935 -5.478874207 -0.011730421 0.999923706 -0.003888855 -0.815782666 0.090105981 0.004930346 0.995919883 76.861366272
0.996356666 0.008057480 -0.084902078 -5.498889923 -0.008083729 0.999967337 0.000034589 -0.827993870 0.084899575 0.000651863 0.996389270 77.405403137
0.997068942 0.003579478 -0.076424435 -5.534626961 -0.003298020 0.999987364 0.003808683 -0.843736053 0.076437101 -0.003545470 0.997068107 77.936630249
0.997795403 0.007174504 -0.065975897 -5.564765453 -0.006917747 0.999967575 0.004119297 -0.856159747 0.066003293 -0.003653811 0.997812688 78.448402405
0.998613954 0.012353177 -0.051160999 -5.585769653 -0.012181949 0.999919116 0.003657306 -0.867589593 0.051202033 -0.003028996 0.998683691 78.951324463
0.999304533 0.017515644 -0.032916151 -5.604226112 -0.017384501 0.999839783 0.004266106 -0.872420371 0.032985590 -0.003690908 0.999448955 79.443687439
0.999819875 0.015755801 -0.010579295 -5.601935387 -0.015708853 0.999866426 0.004506145 -0.875748694 0.010648884 -0.004339145 0.999933839 79.909141541
0.999795914 0.012685412 0.015725095 -5.567907333 -0.012762689 0.999906957 0.004823730 -0.875078499 -0.015662437 -0.005023439 0.999864638 80.367973328
0.998907983 0.011437601 0.045299403 -5.523845673 -0.011740988 0.999910414 0.006436937 -0.883334875 -0.045221712 -0.006961766 0.998952687 80.826812744
0.996860027 0.010930581 0.078426562 -5.469338417 -0.011565468 0.999903858 0.007645647 -0.888801932 -0.078335449 -0.008528677 0.996890545 81.276771545
0.993232191 0.011196027 0.115604721 -5.389911652 -0.012212089 0.999892831 0.008084574 -0.890777588 -0.115501791 -0.009441635 0.993262351 81.715995789
0.987502158 0.010865114 0.157230884 -5.297721863 -0.012191278 0.999897778 0.007472523 -0.894515455 -0.157133579 -0.009295976 0.987533629 82.134780884
0.979186356 0.010692839 0.202681407 -5.196464539 -0.012586734 0.999888241 0.008057537 -0.907100379 -0.202572554 -0.010440924 0.979211628 82.518890381
0.967842221 0.012823141 0.251231194 -5.060117722 -0.014815120 0.999871969 0.006039053 -0.916023135 -0.251121551 -0.009566867 0.967908323 82.912689209
0.952364981 0.014109563 0.304634184 -4.907140732 -0.015742023 0.999871850 0.002903132 -0.921469986 -0.304554135 -0.007560397 0.952465057 83.299560547
0.932654679 0.014202357 0.360490680 -4.723407745 -0.015253499 0.999883652 0.000070856 -0.922342896 -0.360447675 -0.005564827 0.932762861 83.676513672
0.908339381 0.014561613 0.417980343 -4.533708572 -0.015418749 0.999880135 -0.001326408 -0.935411990 -0.417949557 -0.005239902 0.908455193 84.023590088
0.879472435 0.014497724 0.475728810 -4.324451447 -0.014768594 0.999885857 -0.003168825 -0.942984641 -0.475720525 -0.004238950 0.879586339 84.331451416
0.845749557 0.013896933 0.533399045 -4.095760345 -0.012780686 0.999901593 -0.005786105 -0.946352780 -0.533427000 -0.001923611 0.845843911 84.623481750
0.808657646 0.013418358 0.588126540 -3.839023590 -0.011278634 0.999909759 -0.007305558 -0.954676867 -0.588171482 -0.000725569 0.808735967 84.914611816
0.768730283 0.012269849 0.639455378 -3.561332703 -0.010465908 0.999923408 -0.006604758 -0.963698745 -0.639487565 -0.001615204 0.768799901 85.184295654
0.726235867 0.011901493 0.687342644 -3.265117645 -0.012106193 0.999916494 -0.004522558 -0.971877933 -0.687339127 -0.005036658 0.726319253 85.433822632
0.680665970 0.011350583 0.732506037 -2.963573456 -0.010835156 0.999926627 -0.005426067 -0.970196486 -0.732513845 -0.004243478 0.680738866 85.664451599
0.634455502 0.009209853 0.772904396 -2.639984131 -0.007435281 0.999955475 -0.005811956 -0.987649918 -0.772923589 -0.002059335 0.634495735 85.867080688
0.588258684 0.007003762 0.808642507 -2.292720795 0.000109332 0.999961793 -0.008740339 -0.975977302 -0.808672845 0.005229992 0.588235497 86.053741455
0.541686118 0.008945521 0.840533257 -1.986991882 -0.002894786 0.999957263 -0.008776659 -0.995856166 -0.840575814 0.002321031 0.541688740 86.193183899
0.494452208 0.011993093 0.869122088 -1.648197174 -0.006167725 0.999927998 -0.010289217 -1.001257896 -0.869182825 -0.000272979 0.494490564 86.351119995
0.449450642 0.013832958 0.893198133 -1.300724030 -0.007074849 0.999903798 -0.011925501 -1.016018867 -0.893277168 -0.000959316 0.449505270 86.482566833
0.406720370 0.011955261 0.913474500 -0.947214127 -0.000009962 0.999914408 -0.013082125 -1.018279076 -0.913552582 0.005311667 0.406685680 86.598632812
0.366629362 0.004132253 0.930357993 -0.581310272 0.015502959 0.999824166 -0.010550096 -1.022171021 -0.930237949 0.018291276 0.366500676 86.693321228
0.331505030 0.000427482 0.943453312 -0.233343124 0.019440107 0.999784529 -0.007283757 -1.028183579 -0.943253040 0.020755436 0.331425279 86.776725769
0.298369795 0.004259978 0.954440832 0.131820679 0.016722744 0.999813199 -0.009690223 -1.039065719 -0.954303682 0.018852137 0.298242867 86.868621826
0.267354935 0.012105700 0.963522077 0.506164551 0.006459570 0.999876142 -0.014354833 -1.051531434 -0.963576436 0.010061773 0.267243713 86.971275330
0.238684773 0.016652858 0.970954359 0.885726929 0.001757705 0.999843895 -0.017580437 -1.066736937 -0.971095443 0.005902832 0.238618270 87.061897278
0.212750614 0.018243536 0.976936340 1.278789520 0.002975482 0.999808908 -0.019318651 -1.083587170 -0.977101982 0.007016910 0.212655693 87.130905151
0.189695626 0.019489894 0.981649518 1.680379868 0.010659032 0.999703228 -0.021908104 -1.093113780 -0.981785059 0.014619304 0.189431563 87.178878784
0.169519395 0.025653388 0.985192895 2.093415260 0.017702732 0.999420702 -0.029069921 -1.094763756 -0.985367775 0.022368522 0.168967053 87.223754883
0.149812773 0.032682043 0.988174140 2.514280319 0.019267205 0.999167144 -0.035966635 -1.095438242 -0.988526642 0.024427615 0.149058357 87.272590637
0.132009014 0.033442140 0.990684330 2.954080582 0.017439179 0.999197662 -0.036053304 -1.107233405 -0.991095126 0.022036081 0.131319925 87.328010559
0.116778314 0.029048590 0.992733061 3.411664009 0.015265030 0.999401629 -0.031039396 -1.131728172 -0.993040860 0.018778825 0.116264999 87.376152039
0.101944640 0.025941236 0.994451761 3.882086754 0.015178851 0.999503016 -0.027629040 -1.153689623 -0.994674385 0.017911265 0.101500206 87.420532227
0.089138292 0.023498103 0.995741963 4.368084908 0.018262574 0.999515057 -0.025221994 -1.167460084 -0.995851755 0.020433053 0.088665932 87.449264526
0.077675335 0.022639830 0.996721625 4.863839149 0.022038493 0.999458909 -0.024419479 -1.183104515 -0.996735096 0.023863031 0.077134363 87.473518372
0.067276120 0.023359062 0.997460902 5.382805347 0.025472835 0.999359846 -0.025121607 -1.197303057 -0.997409105 0.027098238 0.066638008 87.505790710
0.059493683 0.023772107 0.997945607 5.905544281 0.027138360 0.999308407 -0.025422456 -1.215467453 -0.997859657 0.028595081 0.058807392 87.526107788
0.053936437 0.024010105 0.998255670 6.454668522 0.028788276 0.999258041 -0.025589660 -1.233847380 -0.998129308 0.030118275 0.053205203 87.552314758
0.048500210 0.025083473 0.998508096 7.018679619 0.030383877 0.999184906 -0.026576301 -1.249382973 -0.998360932 0.031627502 0.047698542 87.575332642
0.042615946 0.025703581 0.998760760 7.595446587 0.030693008 0.999163449 -0.027023576 -1.267574430 -0.998619914 0.031806614 0.041791372 87.592086792
0.037996147 0.025730083 0.998946607 8.197136879 0.033274170 0.999081552 -0.026999189 -1.285099268 -0.998723805 0.034264982 0.037105095 87.612403870
0.035217833 0.025750317 0.999047875 8.820858002 0.034538481 0.999039412 -0.026967632 -1.303462744 -0.998782575 0.035455335 0.034294631 87.628189087
0.032213610 0.025128365 0.999165118 9.458049774 0.035615616 0.999020100 -0.026272992 -1.324145794 -0.998846352 0.036432218 0.031287074 87.645744324
0.029915998 0.024342118 0.999255955 10.110610962 0.037871566 0.998958051 -0.025468666 -1.346001387 -0.998834729 0.038605306 0.028962944 87.661209106
0.029113693 0.024150250 0.999284327 10.788169861 0.042095255 0.998791516 -0.025364770 -1.366194129 -0.998689353 0.042803574 0.028061895 87.676002502
0.030313604 0.023689197 0.999259770 11.478805542 0.045762308 0.998637915 -0.025062706 -1.385799766 -0.998492360 0.046488162 0.029188242 87.690902710
0.032679763 0.023695312 0.999185026 12.191579819 0.047560308 0.998549521 -0.025235772 -1.407549858 -0.998333633 0.048346236 0.031505406 87.712760925
0.036651455 0.023581933 0.999049842 12.904949188 0.049987726 0.998426795 -0.025401093 -1.430384159 -0.998077035 0.050871212 0.035414986 87.735435486
0.041085549 0.023037231 0.998889983 13.651849747 0.050415456 0.998412907 -0.025099877 -1.451818705 -0.997882783 0.051390741 0.039858907 87.766319275
0.045215532 0.021443479 0.998747170 14.413936615 0.051971626 0.998365164 -0.023788156 -1.471899271 -0.997624338 0.052982092 0.044027161 87.799034119
0.048917875 0.019733187 0.998607874 15.163410187 0.051725131 0.998413146 -0.022263147 -1.497968435 -0.997462511 0.052742187 0.047819551 87.839988708
0.052960671 0.017595183 0.998441577 15.936021805 0.048340563 0.998627365 -0.020162603 -1.520382166 -0.997425854 0.049333055 0.052037410 87.888946533
0.056754053 0.016334711 0.998254597 16.732481003 0.047696944 0.998680055 -0.019053403 -1.543085933 -0.997248232 0.048695054 0.055900022 87.945808411
0.060996689 0.017495111 0.997984648 17.540153503 0.044989020 0.998782158 -0.020258814 -1.566462040 -0.997123539 0.046134084 0.060135305 88.003555298
0.063740544 0.021791762 0.997728527 18.341732025 0.042738222 0.998784721 -0.024545189 -1.592102051 -0.997050881 0.044205669 0.062731735 88.065788269
0.065055974 0.026931595 0.997518241 19.135011673 0.037075505 0.998880327 -0.029386360 -1.621075869 -0.997192621 0.038895246 0.063984625 88.133560181
0.065011807 0.029979609 0.997434020 19.951164246 0.034303423 0.998890638 -0.032259252 -1.648364067 -0.997294605 0.036312632 0.063911274 88.187355042
0.064638786 0.029940898 0.997459412 20.760719299 0.031972371 0.998974502 -0.032058295 -1.675876141 -0.997396350 0.033963352 0.063615218 88.255210876
0.065081879 0.028326647 0.997477770 21.569297791 0.029135847 0.999116898 -0.030274203 -1.709858656 -0.997454405 0.031032665 0.064199097 88.307037354
0.064842544 0.027058441 0.997528613 22.408020020 0.029815767 0.999133408 -0.029040096 -1.743666172 -0.997449815 0.031625111 0.063979596 88.363899231
0.065392092 0.025595585 0.997531414 23.221063614 0.027297884 0.999250948 -0.027429193 -1.791450500 -0.997486174 0.029024150 0.064644411 88.418724060
0.065301292 0.026229298 0.997520804 24.046108246 0.026444964 0.999257922 -0.028006161 -1.816768765 -0.997515082 0.028208243 0.064559191 88.488975525
0.065482393 0.026849063 0.997492552 24.855562210 0.023394492 0.999321938 -0.028434090 -1.851790428 -0.997579396 0.025197761 0.064809866 88.546859741
0.063661873 0.028137760 0.997574806 25.673612595 0.020485789 0.999355078 -0.029495310 -1.887119770 -0.997761250 0.022313839 0.063044377 88.618820190
0.060957387 0.027994517 0.997747660 26.479633331 0.017697889 0.999419212 -0.029122667 -1.917183399 -0.997983456 0.019433273 0.060426522 88.670135498
0.057746671 0.026734095 0.997973382 27.290227890 0.015064165 0.999504149 -0.027646784 -1.949788570 -0.998217523 0.016630141 0.057315324 88.706596375
0.052651849 0.024611400 0.998309612 28.104209900 0.013443593 0.999588072 -0.025351953 -1.977546692 -0.998522341 0.014755694 0.052299298 88.758529663
0.047328297 0.021825649 0.998640895 28.892593384 0.011135493 0.999687552 -0.022376269 -2.016522646 -0.998817265 0.012179388 0.047070470 88.778137207
0.039244138 0.022300024 0.998980880 29.711706161 0.010416893 0.999687493 -0.022725018 -2.048322916 -0.999175310 0.011298100 0.038999580 88.825088501
0.030544747 0.023394393 0.999259770 30.511960983 0.010291278 0.999665678 -0.023718478 -2.075273514 -0.999480486 0.011008133 0.030293781 88.850517273
0.020864990 0.023835681 0.999498188 31.310701370 0.011119498 0.999648452 -0.024071395 -2.102732420 -0.999720335 0.011616168 0.020592615 88.860900879
0.010377155 0.022990571 0.999681890 32.113952637 0.012422251 0.999655664 -0.023118915 -2.129252434 -0.999868870 0.012658208 0.010087987 88.874191284
-0.000191989 0.022026369 0.999757349 32.900566101 0.011509989 0.999691248 -0.022022702 -2.160813332 -0.999933720 0.011502968 -0.000445453 88.868461609
-0.011368168 0.021362986 0.999707162 33.690418243 0.013095072 0.999689221 -0.021213692 -2.186837435 -0.999849617 0.012850075 -0.011644386 88.858108521
-0.022277612 0.021687770 0.999516547 34.467506409 0.012979476 0.999686718 -0.021402169 -2.216215134 -0.999667585 0.012496412 -0.022552125 88.839767456
-0.033162199 0.022063257 0.999206483 35.248935699 0.013358044 0.999676764 -0.021630310 -2.245491743 -0.999360740 0.012630133 -0.033446208 88.808830261
-0.043973949 0.023242950 0.998762310 36.025150299 0.012904940 0.999659061 -0.022695640 -2.273610592 -0.998949289 0.011890949 -0.044258915 88.776473999
-0.054261256 0.024414340 0.998228312 36.796394348 0.013323219 0.999629736 -0.023724401 -2.297478676 -0.998437881 0.012012295 -0.054566443 88.731674194
-0.063733563 0.025063384 0.997652292 37.553455353 0.015054197 0.999594986 -0.024150483 -2.328843832 -0.997853339 0.013479657 -0.064085059 88.682380676
-0.073457107 0.025417736 0.996974409 38.312522888 0.015481713 0.999583781 -0.024343569 -2.357892513 -0.997178137 0.013646661 -0.073820032 88.625511169
-0.082729161 0.025826974 0.996237397 39.053482056 0.016541412 0.999562025 -0.024539534 -2.386625528 -0.996434689 0.014449037 -0.083120123 88.562477112
-0.091078512 0.024996849 0.995529950 39.786880493 0.017677154 0.999568045 -0.023481004 -2.416157722 -0.995686710 0.015459524 -0.091481030 88.488395691
-0.098302215 0.023795363 0.994872093 40.507347107 0.019510990 0.999568045 -0.021979820 -2.446230650 -0.994965315 0.017250270 -0.098724008 88.409690857
-0.103769794 0.022610290 0.994344294 41.232383728 0.022524513 0.999538660 -0.020377746 -2.470372200 -0.994346201 0.020282527 -0.104231186 88.333824158
-0.106751204 0.020809978 0.994067967 41.935935974 0.025786521 0.999502659 -0.018154580 -2.497188330 -0.993951321 0.023695534 -0.107234716 88.239593506
-0.109987937 0.019871797 0.993734181 42.641754150 0.027227469 0.999485195 -0.016973225 -2.520988941 -0.993559897 0.025190020 -0.110472344 88.167160034
-0.111936331 0.018897120 0.993535638 43.324565887 0.027260436 0.999501288 -0.015939299 -2.544440269 -0.993341386 0.025300026 -0.112395652 88.091247559
-0.112602010 0.019451229 0.993449748 43.988029480 0.028566634 0.999458492 -0.016331004 -2.565120935 -0.993229389 0.026540613 -0.113096714 88.014717102
-0.111724585 0.020461911 0.993528485 44.637290955 0.028923545 0.999431372 -0.017330958 -2.586965084 -0.993318200 0.026800074 -0.112252876 87.944358826
-0.108699575 0.022320664 0.993824005 45.274044037 0.030422229 0.999354243 -0.019117435 -2.605268002 -0.993609071 0.028156288 -0.109308429 87.879898071
-0.103388965 0.022619952 0.994383693 45.889362335 0.030249245 0.999350369 -0.019587830 -2.631296635 -0.994180918 0.028054196 -0.104006022 87.814201355
-0.095021836 0.023356544 0.995201051 46.479831696 0.030099804 0.999335051 -0.020579631 -2.654165745 -0.995019972 0.027999848 -0.095661685 87.757148743
-0.084187962 0.023600196 0.996170342 47.049804688 0.028791420 0.999359787 -0.021242544 -2.674658298 -0.996033847 0.026892794 -0.084813543 87.722976685
-0.070336968 0.023363633 0.997249544 47.562519073 0.027703794 0.999385893 -0.021459704 -2.707846642 -0.997138441 0.026118193 -0.070941016 87.680160522
-0.052697830 0.023972571 0.998322666 48.106758118 0.025858892 0.999409318 -0.022633668 -2.742402077 -0.998275578 0.024622774 -0.053286608 87.658195496
-0.031859141 0.027117824 0.999124408 48.674606323 0.024999766 0.999340832 -0.026326524 -2.753635406 -0.999179661 0.024139136 -0.032516081 87.670654297
-0.007180521 0.030178202 0.999518752 49.199035645 0.022836205 0.999288797 -0.030007206 -2.777891636 -0.999713480 0.022609740 -0.007864572 87.683311462
0.021838974 0.031801984 0.999255478 49.712093353 0.021595500 0.999245703 -0.032273646 -2.797436237 -0.999528170 0.022284243 0.021135714 87.703979492
0.054237206 0.030964471 0.998047888 50.215419769 0.018044280 0.999325514 -0.031984694 -2.829231262 -0.998364985 0.019743815 0.053641889 87.759735107
0.092620894 0.028892122 0.995282233 50.715393066 0.017082317 0.999385715 -0.030600926 -2.847050190 -0.995554864 0.019836005 0.092070445 87.825378418
0.133827358 0.025175408 0.990684867 51.209037781 0.015368354 0.999504328 -0.027475577 -2.865740299 -0.990885496 0.018902179 0.133374125 87.926498413
0.178936362 0.021202387 0.983632207 51.690296173 0.011313251 0.999657452 -0.023605848 -2.891653061 -0.983795643 0.015352025 0.178635150 88.042488098
0.228531897 0.016700592 0.973393261 52.168537140 0.006941596 0.999799550 -0.018783387 -2.926255465 -0.973511636 0.011049504 0.228370175 88.171073914
0.280591339 0.015847201 0.959696472 52.640045166 0.003541142 0.999839842 -0.017545417 -2.930913925 -0.959820628 0.008321514 0.280490220 88.326843262
0.335970461 0.015882296 0.941738605 53.095653534 0.002707331 0.999837399 -0.017827982 -2.942787647 -0.941868544 0.008539272 0.335872769 88.516304016
0.393792748 0.017413305 0.919034302 53.534461975 0.004783671 0.999768257 -0.020992735 -2.946908236 -0.919186771 0.012663144 0.393618107 88.733650208
0.454486966 0.019484673 0.890540302 53.944614410 0.005404047 0.999682009 -0.024630608 -2.976000547 -0.890736997 0.016006811 0.454237103 88.966629028
0.509443283 0.023245309 0.860190094 54.291564941 0.006581821 0.999500573 -0.030908007 -2.991452217 -0.860478938 0.021407487 0.509035826 89.272872925
0.567940950 0.027925238 0.822595358 54.658424377 0.002661230 0.999356806 -0.035763271 -2.998654366 -0.823064804 0.022500541 0.567501366 89.565383911
0.625000656 0.030574592 0.780025184 55.006526947 -0.001152825 0.999267817 -0.038244516 -3.014829159 -0.780623198 0.023003614 0.624578357 89.872955322
0.676410198 0.031294264 0.735859990 55.306747437 -0.003453194 0.999220729 -0.039320108 -3.036859989 -0.736517012 0.024055457 0.675991058 90.226745605
0.726007700 0.028372735 0.687100947 55.618545532 -0.003146983 0.999275148 -0.037938278 -3.062083960 -0.687679291 0.025381191 0.725570679 90.586372375
0.771059334 0.025692012 0.636244833 55.873435974 -0.006171207 0.999440372 -0.032879267 -3.077366829 -0.636733472 0.021425467 0.770786226 90.965377808
0.812178969 0.021858791 0.582998753 56.118495941 -0.007841735 0.999616623 -0.026554974 -3.083172321 -0.583355665 0.016995668 0.812038958 91.377487183
0.848774254 0.020013571 0.528376579 56.334503174 -0.010824020 0.999731719 -0.020479806 -3.091420412 -0.528644621 0.011663575 0.848762989 91.801322937
0.879637182 0.016930237 0.475343794 56.513698578 -0.012069713 0.999838948 -0.013275734 -3.102846622 -0.475492001 0.005940566 0.879699945 92.230514526
0.905100703 0.017372208 0.424842060 56.666229248 -0.015689394 0.999849081 -0.007459482 -3.119412899 -0.424907535 0.000086069 0.905236721 92.642807007
0.925155461 0.019522339 0.379085958 56.800514221 -0.019493576 0.999802291 -0.003914394 -3.130804777 -0.379087448 -0.003768317 0.925353229 93.087089539
0.940191507 0.025913322 0.339659542 56.913040161 -0.027097376 0.999631941 -0.001257351 -3.138615131 -0.339567125 -0.008021731 0.940547526 93.545303345
0.951956034 0.030232025 0.304739028 57.020301819 -0.031042745 0.999515712 -0.002185660 -3.141436100 -0.304657519 -0.007379281 0.952433348 93.999198914
0.961158752 0.032493167 0.274076760 57.132888794 -0.033353630 0.999442399 -0.001521153 -3.147073984 -0.273973346 -0.007679386 0.961706638 94.444946289
0.967412651 0.026628615 0.251800776 57.240169525 -0.027137192 0.999630690 -0.001453200 -3.153282881 -0.251746476 -0.005427320 0.967778027 94.895568848
0.971488416 0.023202542 0.235948443 57.351249695 -0.023759816 0.999717534 -0.000481457 -3.162338734 -0.235893011 -0.005138362 0.971765459 95.376754761
0.974287510 0.027869150 0.223578230 57.441192627 -0.028338792 0.999597788 -0.001108371 -3.162935257 -0.223519206 -0.005256065 0.974685371 95.879302979
0.976317227 0.032467119 0.213893861 57.536521912 -0.033174042 0.999449611 -0.000284545 -3.165923834 -0.213785365 -0.006817915 0.976856887 96.376655579
0.977404296 0.040624268 0.207438260 57.636054993 -0.041218683 0.999149144 -0.001457725 -3.175159931 -0.207320958 -0.007125542 0.978247106 96.870506287
0.977722168 0.046411261 0.204707816 57.725551605 -0.046291862 0.998913527 -0.005374747 -3.177528858 -0.204734877 -0.004221296 0.978808403 97.388076782
0.977827668 0.047726169 0.203899845 57.832862854 -0.047111444 0.998858631 -0.007870633 -3.183922291 -0.204042733 -0.001909893 0.978960097 97.899566650
0.977380037 0.046040703 0.206418321 57.948123932 -0.044697590 0.998938143 -0.011167990 -3.196632862 -0.206713304 0.001688969 0.978400052 98.435325623
0.976599932 0.045238573 0.210252553 58.069244385 -0.042399336 0.998938620 -0.017994460 -3.202826738 -0.210843444 0.008658821 0.977481544 98.990303040
0.975762248 0.045197103 0.214114979 58.198192596 -0.041294143 0.998889744 -0.022668544 -3.210927486 -0.214901835 0.013277422 0.976545393 99.548645020
0.974496424 0.049806304 0.218806103 58.312919617 -0.046004429 0.998689353 -0.022439264 -3.222942352 -0.219636902 0.011800933 0.975510299 100.122009277
0.972985804 0.052987918 0.224701986 58.436904907 -0.050059974 0.998570979 -0.018711673 -3.233836889 -0.225372359 0.006957619 0.974247813 100.716163635
0.971993089 0.050271280 0.229569793 58.578159332 -0.048285414 0.998731732 -0.014263323 -3.246352911 -0.229995683 0.002778979 0.973187685 101.320007324
0.971345425 0.045789499 0.233219713 58.735687256 -0.045122433 0.998947799 -0.008197604 -3.266453981 -0.233349711 -0.002560736 0.972389460 101.935653687
0.970486820 0.043300074 0.237235263 58.885776520 -0.043751113 0.999036729 -0.003365769 -3.280349493 -0.237152487 -0.007112875 0.971446335 102.565269470
0.969998121 0.038647439 0.240021065 59.047821045 -0.039130431 0.999230325 -0.002755004 -3.288320780 -0.239942774 -0.006719779 0.970763743 103.201080322
0.970034838 0.035125390 0.240413383 59.208564758 -0.034682784 0.999379873 -0.006073258 -3.297803402 -0.240477636 -0.002446935 0.970651507 103.840988159
0.970223665 0.034396276 0.239755809 59.375556946 -0.032152448 0.999394894 -0.013265152 -3.307088375 -0.240067005 0.005161431 0.970742524 104.480361938
0.970340133 0.036713533 0.238939822 59.528594971 -0.032908291 0.999260247 -0.019896802 -3.319161654 -0.239493534 0.011443563 0.970830500 105.138313293
0.970859826 0.039501145 0.236370057 59.674812317 -0.034838498 0.999107838 -0.023871908 -3.331400633 -0.237102091 0.014941499 0.971369803 105.804672241
0.971582532 0.037545603 0.233704299 59.855102539 -0.033968143 0.999236286 -0.019315289 -3.343960762 -0.234251007 0.010827899 0.972115755 106.504730225
0.972044706 0.033369705 0.232412711 60.024559021 -0.031493977 0.999434590 -0.011777651 -3.361221075 -0.232674330 0.004128805 0.972545862 107.216911316
0.972582757 0.034079760 0.230046198 60.188713074 -0.033656333 0.999416769 -0.005765414 -3.377893448 -0.230108500 -0.002135170 0.973162532 107.938217163
0.972821832 0.037468087 0.228503123 60.346237183 -0.036931455 0.999295771 -0.006625628 -3.390432119 -0.228590474 -0.001993396 0.973520577 108.663002014
0.973142385 0.043076176 0.226138234 60.503906250 -0.041643828 0.999070823 -0.011102882 -3.403928995 -0.226406366 0.001387422 0.974031866 109.389396667
0.973997533 0.043961972 0.222252667 60.667804718 -0.041311208 0.999009073 -0.016563997 -3.412952423 -0.222760588 0.006951764 0.974848390 110.130386353
0.974933505 0.042605281 0.218379930 60.834568024 -0.039315931 0.999038696 -0.019387839 -3.431039095 -0.218995988 0.010316039 0.975671351 110.885528564
0.975860298 0.040785644 0.214554057 60.998847961 -0.037888102 0.999126911 -0.017601833 -3.449588776 -0.215084627 0.009047879 0.976553500 111.648735046
0.976727486 0.037043717 0.211261153 61.167572021 -0.034512766 0.999281645 -0.015656194 -3.466248989 -0.211689368 0.008000627 0.977304280 112.435859680
0.977179766 0.035543598 0.209419265 61.335182190 -0.033618081 0.999353409 -0.012748188 -3.486454964 -0.209736973 0.005416996 0.977742910 113.228378296
0.977582812 0.032109793 0.208088443 61.505680084 -0.030587960 0.999476612 -0.010527901 -3.498618364 -0.208317593 0.003926894 0.978053391 114.035797119
0.977720857 0.027545961 0.208094090 61.670322418 -0.026185146 0.999613941 -0.009291787 -3.520605564 -0.208269715 0.003635799 0.978064716 114.809783936
0.977795780 0.028470039 0.207617119 61.837547302 -0.027439101 0.999592721 -0.007844274 -3.533084869 -0.207755923 0.001973270 0.978178620 115.616874695
0.977546215 0.033975866 0.207964361 61.998462677 -0.032716241 0.999419570 -0.009494461 -3.550821304 -0.208166257 0.002477460 0.978090346 116.434005737
0.977259219 0.039603665 0.208317265 62.161502838 -0.037765954 0.999204755 -0.012793163 -3.564682245 -0.208658278 0.004634934 0.977977633 117.242675781
0.976654887 0.048279706 0.209318638 62.323249817 -0.046306763 0.998824656 -0.014318979 -3.583215952 -0.209763929 0.004291831 0.977742553 118.069290161
0.975765526 0.054002244 0.212050617 62.489830017 -0.052234121 0.998537540 -0.013935439 -3.601793289 -0.212493047 0.002521444 0.977159321 118.877372742
0.974956810 0.056692384 0.215047330 62.658836365 -0.055396099 0.998391688 -0.012055059 -3.619998217 -0.215384901 -0.000159621 0.976529241 119.710762024
0.974361360 0.057610065 0.217488021 62.839111328 -0.056205086 0.998339117 -0.012645813 -3.645674229 -0.217855319 0.000097660 0.975981057 120.521293640
0.974052250 0.055530697 0.219405115 63.022052765 -0.053418092 0.998451054 -0.015554198 -3.662142515 -0.219929010 0.003430401 0.975509822 121.373298645
0.974064648 0.049578268 0.220771685 63.216552734 -0.047555558 0.998763680 -0.014471028 -3.678658485 -0.221216172 0.003596794 0.975218117 122.200454712
0.974279881 0.042731836 0.221252561 63.404785156 -0.040164601 0.999063492 -0.016091334 -3.698543072 -0.221732959 0.006790941 0.975083768 123.036613464
0.974102378 0.041887991 0.222193569 63.598411560 -0.039316945 0.999098957 -0.015983921 -3.724735260 -0.222662851 0.006834003 0.974871576 123.855964661
0.973535836 0.043986730 0.224261299 63.778881073 -0.042056516 0.999025643 -0.013378762 -3.738344193 -0.224631265 0.003593054 0.974437177 124.705490112
0.973134160 0.046430714 0.225508794 63.966323853 -0.045986403 0.998915970 -0.007225628 -3.767792702 -0.225599810 -0.003338831 0.974214315 125.520568848
0.972792685 0.049557444 0.226315290 64.148773193 -0.050183706 0.998735487 -0.002988916 -3.787317276 -0.226177230 -0.008449744 0.974049509 126.345542908
0.972605765 0.049020041 0.227233768 64.335754395 -0.048235849 0.998795390 -0.009006280 -3.813732147 -0.227401495 -0.002201253 0.973798633 127.141380310
0.972891748 0.044912480 0.226858079 64.528205872 -0.040556647 0.998893082 -0.023827828 -3.832675695 -0.227677122 0.013981290 0.973636270 127.955162048
