1.000000000 0.000000000 0.000000000 0.000000000 0.000000000 1.000000000 0.000000000 0.000000000 0.000000000 0.000000000 1.000000000 0.000000000
1.000000000 -0.000196279 -0.000111560 0.001711808 0.000196214 0.999999821 -0.000579402 -0.000045753 0.000111674 0.000579380 0.999999821 0.003910859
0.999999940 -0.000188642 -0.000265358 0.003444754 0.000188367 0.999999464 -0.001035434 -0.000143042 0.000265553 0.001035384 0.999999404 0.017688325
1.000000000 -0.000125479 -0.000127391 -0.000141812 0.000125366 0.999999583 -0.000887316 -0.001570531 0.000127503 0.000887300 0.999999583 0.028927283
0.999999940 -0.000058051 -0.000280325 0.000350693 0.000057841 0.999999702 -0.000750789 -0.004191375 0.000280369 0.000750773 0.999999702 0.041402820
0.999999821 0.000368364 -0.000439042 0.001284684 -0.000368739 0.999999583 -0.000854494 -0.005625653 0.000438727 0.000854656 0.999999523 0.062467456
0.999999702 0.000164325 -0.000742167 0.001734860 -0.000165433 0.999998868 -0.001492853 -0.005985309 0.000741921 0.001492976 0.999998629 0.086512394
0.999999523 0.000083333 -0.000961999 0.001802710 -0.000085925 0.999996364 -0.002694162 -0.010799982 0.000961771 0.002694243 0.999995887 0.121763766
0.999998569 0.000051899 -0.001677306 0.006849559 -0.000058620 0.999991953 -0.004007736 -0.016561132 0.001677085 0.004007829 0.999990582 0.163030386
0.999997437 0.000532173 -0.002202490 0.005502296 -0.000544808 0.999983370 -0.005740351 -0.022176679 0.002199399 0.005741536 0.999981105 0.222253889
0.999995232 0.000640863 -0.003011397 0.008515242 -0.000662458 0.999974012 -0.007175821 -0.029409276 0.003006720 0.007177782 0.999969721 0.294111192
0.999991655 0.000716788 -0.004017248 0.011154126 -0.000749672 0.999966204 -0.008190331 -0.040083069 0.004011241 0.008193275 0.999958396 0.387139082
0.999986768 0.001006424 -0.005046492 0.009743843 -0.001052491 0.999957740 -0.009134187 -0.049172770 0.005037086 0.009139378 0.999945521 0.490042180
0.999978602 0.001590762 -0.006345561 0.009207280 -0.001656263 0.999945283 -0.010330586 -0.062738664 0.006328780 0.010340874 0.999926507 0.617466569
0.999962449 0.001978500 -0.008438012 0.006569941 -0.002079547 0.999926031 -0.011983315 -0.077514425 0.008413679 0.012000413 0.999892592 0.764404416
0.999940217 0.002205142 -0.010702187 0.007553350 -0.002360029 0.999892354 -0.014481543 -0.098393247 0.010669103 0.014505934 0.999837875 0.934789300
0.999906659 0.001568347 -0.013570812 0.009261071 -0.001825231 0.999818981 -0.018937515 -0.118234783 0.013538653 0.018960515 0.999728560 1.127936125
0.999849916 0.001361096 -0.017265882 0.008541794 -0.001762145 0.999728560 -0.023233954 -0.135691687 0.017229572 0.023260893 0.999580920 1.344789982
0.999769866 0.002450164 -0.021308308 0.007746663 -0.002942858 0.999728322 -0.023121644 -0.161238998 0.021245867 0.023179032 0.999505579 1.588846445
0.999672830 0.004503320 -0.025182275 0.003426041 -0.005015305 0.999781251 -0.020305119 -0.193889290 0.025085326 0.020424770 0.999476612 1.859767556
0.999554753 0.005823918 -0.029261209 0.000420883 -0.006388317 0.999794662 -0.019232007 -0.225929126 0.029143197 0.019410376 0.999386668 2.150183916
0.999445021 0.006925338 -0.032580853 -0.006413922 -0.007548157 0.999790430 -0.019032083 -0.261294901 0.032442223 0.019267449 0.999287844 2.463368177
0.999326348 0.007963685 -0.035823286 -0.013171054 -0.008655041 0.999778450 -0.019185549 -0.300177455 0.035662562 0.019482676 0.999173999 2.798477173
0.999213338 0.009275022 -0.038558196 -0.018754512 -0.010087999 0.999729753 -0.020943573 -0.342307925 0.038353529 0.021316070 0.999036789 3.150646210
0.999145627 0.009972507 -0.040107828 -0.024074368 -0.010840422 0.999710441 -0.021480586 -0.383285999 0.039882004 0.021897020 0.998964429 3.526869774
0.999114275 0.011042180 -0.040606827 -0.027421668 -0.011899887 0.999709904 -0.020941535 -0.428539485 0.040363807 0.021406196 0.998955727 3.921077490
0.999130964 0.012348761 -0.039809871 -0.027635902 -0.013233751 0.999669313 -0.022044059 -0.473417580 0.039524492 0.022551734 0.998964071 4.351370335
0.999171615 0.012843920 -0.038613304 -0.030198455 -0.013764950 0.999624789 -0.023682153 -0.530383527 0.038294643 0.024194043 0.998973668 4.792005539
0.999206007 0.013184554 -0.037594683 -0.029007316 -0.014119584 0.999594808 -0.024715293 -0.585362792 0.037253588 0.025226489 0.998987436 5.243128300
0.999255121 0.015126088 -0.035501361 -0.033218026 -0.016050534 0.999535680 -0.025900820 -0.641063988 0.035093099 0.026451342 0.999033928 5.716763020
0.999337912 0.015003555 -0.033144854 -0.033093899 -0.015902655 0.999508083 -0.027031498 -0.698988736 0.032722980 0.027540691 0.999084890 6.210703850
0.999398232 0.016551090 -0.030484308 -0.022501439 -0.017465899 0.999397516 -0.029991496 -0.760238409 0.029969554 0.030505883 0.999085188 6.717585564
0.999510944 0.015838940 -0.026962381 -0.016439289 -0.016684717 0.999366343 -0.031438272 -0.834075570 0.026447352 0.031872764 0.999141932 7.253336430
0.999589860 0.016680907 -0.023277445 -0.008680552 -0.017425744 0.999330461 -0.032171108 -0.897506237 0.022725217 0.032563534 0.999211252 7.793802261
0.999645770 0.018105213 -0.019504046 -0.001961738 -0.018708531 0.999337733 -0.031207735 -0.972501874 0.018926108 0.031561561 0.999322653 8.347309113
0.999664128 0.020295262 -0.016116528 0.007738367 -0.020768389 0.999341369 -0.029753095 -1.037131429 0.015502064 0.030077813 0.999427378 8.925462723
0.999691963 0.020227984 -0.014379120 0.039910808 -0.020619864 0.999404967 -0.027648821 -1.116362095 0.013811283 0.027936799 0.999514282 9.535422325
0.999733448 0.019711131 -0.012020166 0.052317724 -0.020012250 0.999475360 -0.025467919 -1.188364148 0.011511857 0.025701687 0.999603331 10.136360168
0.999747932 0.020276291 -0.009631529 0.068212420 -0.020511970 0.999476135 -0.025035759 -1.262908936 0.009118848 0.025227018 0.999640107 10.755848885
0.999734581 0.021772705 -0.007532535 0.086864837 -0.021946970 0.999473870 -0.023882672 -1.344353080 0.007008580 0.024041653 0.999686420 11.389068604
0.999806762 0.018715367 -0.006017434 0.116942689 -0.018849084 0.999557972 -0.022991551 -1.420858026 0.005584479 0.023100533 0.999717474 12.076497078
0.999818146 0.018246247 -0.005547751 0.141885027 -0.018368939 0.999568284 -0.022933004 -1.497652054 0.005126914 0.023030741 0.999721587 12.746665001
0.999812603 0.018857649 -0.004385307 0.158274412 -0.018945359 0.999602020 -0.020902660 -1.575954437 0.003989387 0.020981826 0.999771893 13.435105324
0.999796987 0.019948561 -0.002849044 0.177256331 -0.019998508 0.999624550 -0.018734178 -1.658632994 0.002474254 0.018787352 0.999820471 14.149576187
0.999863446 0.016178254 -0.003377405 0.230434284 -0.016237307 0.999701381 -0.018257659 -1.745954514 0.003081020 0.018310003 0.999827623 14.915995598
0.999860168 0.016414795 -0.003182314 0.259958029 -0.016474640 0.999668360 -0.019792767 -1.829839706 0.002856365 0.019842431 0.999799073 15.649529457
0.999857008 0.016822234 -0.001731176 0.281631202 -0.016852783 0.999668241 -0.019478222 -1.918854237 0.001402934 0.019504609 0.999808788 16.403440475
0.999832690 0.018214421 -0.001675078 0.315239310 -0.018244931 0.999623656 -0.020482237 -2.004229784 0.001301375 0.020509373 0.999788821 17.195978165
0.999834001 0.018172985 -0.001254254 0.344601870 -0.018193297 0.999659061 -0.018728457 -2.094187021 0.000913474 0.018748172 0.999823868 17.972297668
0.999850154 0.017305130 -0.000208325 0.372308701 -0.017306220 0.999715745 -0.016399596 -2.184686422 -0.000075532 0.016400749 0.999865413 18.784118652
0.999863267 0.016534163 0.000126694 0.413057566 -0.016531309 0.999786019 -0.012429825 -2.278584480 -0.000332183 0.012426031 0.999922752 19.639080048
0.999845207 0.017555172 0.001132162 0.446484715 -0.017543763 0.999801934 -0.009402795 -2.365851641 -0.001297005 0.009381481 0.999955177 20.455917358
0.999849021 0.017186809 0.002540119 0.473277062 -0.017172609 0.999837399 -0.005509895 -2.455912352 -0.002634404 0.005465444 0.999981642 21.301473618
0.999887884 0.014784604 0.002341005 0.515684366 -0.014777604 0.999886334 -0.002980032 -2.545949936 -0.002384797 0.002945103 0.999992788 22.201202393
0.999857068 0.016679348 0.002731523 0.553919852 -0.016674113 0.999859214 -0.001927197 -2.623598814 -0.002763283 0.001881375 0.999994397 23.061500549
0.999765575 0.021245135 0.004181794 0.580539107 -0.021238387 0.999773085 -0.001651468 -2.715204000 -0.004215931 0.001562267 0.999989867 23.935281754
0.999855042 0.016147034 0.005400601 0.622413337 -0.016108586 0.999845147 -0.007088345 -2.808511019 -0.005514219 0.007000321 0.999960303 24.802320480
0.999876857 0.014104864 0.006867183 0.666643441 -0.014021796 0.999829710 -0.011997806 -2.901842117 -0.007035241 0.011900041 0.999904454 25.699344635
0.999767542 0.018759448 0.010627571 0.706015348 -0.018639212 0.999762416 -0.011301842 -2.991805077 -0.010837061 0.011101127 0.999879718 26.595537186
0.999708235 0.019397167 0.014393269 0.749441803 -0.019289605 0.999785244 -0.007574643 -3.085902214 -0.014537105 0.007294793 0.999867678 27.502321243
0.999654591 0.017971149 0.019177586 0.803268552 -0.017932273 0.999836802 -0.002196894 -3.175333261 -0.019213933 0.001852238 0.999813735 28.416893005
0.999521136 0.018286349 0.024957212 0.876021862 -0.018277004 0.999832749 -0.000602483 -3.271712303 -0.024964057 0.000146051 0.999688327 29.341718674
0.999273062 0.019242723 0.032908358 0.942741632 -0.019257553 0.999814570 0.000133805 -3.359355211 -0.032899681 -0.000767442 0.999458313 30.268535614
0.998914540 0.020799574 0.041677311 1.021210313 -0.020826589 0.999783099 0.000214025 -3.451803446 -0.041663818 -0.001081789 0.999131203 31.195829391
0.998444796 0.021787766 0.051314037 1.114260197 -0.021843823 0.999761224 0.000531775 -3.537805796 -0.051290195 -0.001651843 0.998682439 32.138149261
0.997812688 0.022354867 0.062210459 1.204510450 -0.022446223 0.999747753 0.000769915 -3.640419483 -0.062177557 -0.002164621 0.998062730 33.104061127
0.997047603 0.022026286 0.073558196 1.323234677 -0.022207724 0.999751985 0.001649497 -3.729397535 -0.073503628 -0.003278187 0.997289538 34.057052612
0.996036053 0.021712232 0.086260177 1.440373898 -0.022090083 0.999750078 0.003428105 -3.825214148 -0.086164206 -0.005320011 0.996266723 35.025001526
0.994866610 0.019314257 0.099336118 1.586632609 -0.019843187 0.999793708 0.004339302 -3.916275263 -0.099231824 -0.006288172 0.995044470 35.986091614
0.993450522 0.019139305 0.112648264 1.743612528 -0.019904487 0.999785841 0.005671821 -4.007437229 -0.112515576 -0.007876880 0.993618727 36.966663361
0.991668582 0.017632984 0.127602592 1.914265633 -0.018525682 0.999811590 0.005812405 -4.098951817 -0.127476051 -0.008127906 0.991808295 37.942790985
0.989633620 0.012965748 0.143028513 2.101068020 -0.013921826 0.999886870 0.005685744 -4.190413475 -0.142938614 -0.007618023 0.989702225 38.928245544
0.987214804 0.013819613 0.158795163 2.315228462 -0.015224614 0.999854922 0.007634712 -4.282737732 -0.158666655 -0.009954697 0.987282038 39.928565979
0.984495342 0.010565805 0.175091922 2.540898323 -0.012709625 0.999857306 0.011127129 -4.375667572 -0.174949393 -0.013179961 0.984489143 40.922920227
0.981391072 0.004469854 0.191967845 2.788904190 -0.007194674 0.999882936 0.013499433 -4.471941948 -0.191885054 -0.014629368 0.981308401 41.920963287
0.977618396 0.006451639 0.210287198 3.057289600 -0.008299866 0.999934316 0.007907690 -4.560336590 -0.210222363 -0.009476058 0.977607667 42.921623230
0.973565459 0.004305139 0.228367969 3.347781181 -0.005941981 0.999961376 0.006480479 -4.652606487 -0.228331238 -0.007666129 0.973553360 43.922267914
0.968974829 0.001098836 0.247157052 3.658638954 -0.002256687 0.999987781 0.004401456 -4.756368160 -0.247149229 -0.004822656 0.968965411 44.921207428
0.964012086 -0.004065498 0.265827388 3.998745918 0.002281161 0.999972820 0.007020796 -4.845692635 -0.265848696 -0.006161736 0.963995039 45.914352417
0.958317280 -0.008578434 0.285577059 4.342843056 0.006026494 0.999933660 0.009813712 -4.943753242 -0.285642296 -0.007683620 0.958305478 46.931606293
0.952303588 -0.012573279 0.304892778 4.724608421 0.009117378 0.999877095 0.012756024 -5.038042068 -0.305015743 -0.009367787 0.952301204 47.935222626
0.945673048 -0.015087245 0.324768782 5.119947433 0.011458202 0.999848723 0.013083918 -5.126738071 -0.324917078 -0.008651843 0.945702851 48.945079803
0.938805163 -0.017342553 0.344011843 5.541042328 0.013838564 0.999824345 0.012638494 -5.223105431 -0.344170600 -0.007104453 0.938880265 49.929553986
0.931536734 -0.019477868 0.363125265 5.996556282 0.016070731 0.999794006 0.012401720 -5.314095974 -0.363291949 -0.005716969 0.931657791 50.930763245
0.923728228 -0.021428289 0.382448733 6.465970039 0.018080812 0.999760330 0.012345170 -5.401045799 -0.382621676 -0.004488597 0.923894286 51.922546387
0.915659189 -0.024363210 0.401216418 6.956857681 0.019511813 0.999678791 0.016173843 -5.500249386 -0.401481569 -0.006981267 0.915840507 52.926570892
0.907167792 -0.027660679 0.419858873 7.471986771 0.020963507 0.999568880 0.020557711 -5.582563877 -0.420246482 -0.009847581 0.907356620 53.924571991
0.898192048 -0.030684242 0.438531160 8.002717972 0.022331245 0.999457955 0.024194073 -5.658398628 -0.439035743 -0.011937977 0.898390234 54.924530029
0.888813138 -0.031794891 0.457165748 8.563380241 0.022577897 0.999417067 0.025611769 -5.745768070 -0.457713574 -0.012442235 0.889012694 55.901321411
0.879185319 -0.032649629 0.475360304 9.155223846 0.023323720 0.999402523 0.025505397 -5.824877739 -0.475909054 -0.011336801 0.879421532 56.875804901
0.868777871 -0.035002705 0.493963361 9.763040543 0.025844214 0.999344230 0.025359925 -5.903275013 -0.494527131 -0.009266047 0.869112790 57.846908569
0.858351827 -0.036959723 0.511728406 10.407447815 0.027488461 0.999282241 0.026065415 -5.984550953 -0.512324512 -0.008306672 0.858751714 58.808219910
0.847182751 -0.038367476 0.529914320 11.070087433 0.029133957 0.999243259 0.025771450 -6.076038361 -0.530502141 -0.006394630 0.847659349 59.765506744
0.835813046 -0.040565081 0.547513306 11.759542465 0.031484213 0.999166906 0.025965346 -6.158699989 -0.548110545 -0.004464149 0.836393952 60.704238892
0.823648393 -0.042201102 0.565528393 12.473722458 0.032905709 0.999103606 0.026630916 -6.236566544 -0.566145301 -0.003325399 0.824298739 61.675800323
0.811484337 -0.043585528 0.582746565 13.199491501 0.034093492 0.999047279 0.027246274 -6.309743881 -0.583378792 -0.002242059 0.812197089 62.602073669
0.798625648 -0.047811426 0.599925935 13.957353592 0.037761524 0.998856008 0.029335972 -6.398238659 -0.600642264 -0.000774350 0.799517512 63.519020081
0.785288632 -0.050292421 0.617083788 14.727638245 0.038959425 0.998733997 0.031817988 -6.471179962 -0.617902696 -0.000945081 0.786253989 64.426628113
0.771473765 -0.052666962 0.634077668 15.540021896 0.040474977 0.998612106 0.033700097 -6.561798096 -0.634972453 -0.000334456 0.772534668 65.334167480
0.756996393 -0.055630177 0.651046693 16.367715836 0.043812387 0.998448253 0.034372412 -6.638802052 -0.651948512 0.002504119 0.758258998 66.220367432
0.742361903 -0.057690743 0.667510688 17.228651047 0.044926252 0.998329937 0.036318295 -6.707420349 -0.668491125 0.003027440 0.743713856 67.089889526
0.727294505 -0.060407348 0.683661997 18.103427887 0.047198035 0.998162985 0.037985891 -6.784938335 -0.684700668 0.004640576 0.728809476 67.935974121
0.712134004 -0.062673546 0.699240386 19.010097504 0.050395213 0.998001337 0.038127270 -6.858735085 -0.700232327 0.008086640 0.713869154 68.774353027
0.696501672 -0.066253155 0.714489937 19.940559387 0.055133358 0.997726023 0.038771734 -6.927740097 -0.715434015 0.012387656 0.698570549 69.590316772
0.680808485 -0.070157595 0.729093790 20.896099091 0.058944184 0.997421503 0.040937122 -7.002052784 -0.730085850 0.015105493 0.683188438 70.389190674
0.664627314 -0.072519809 0.743647397 21.855234146 0.062740110 0.997180343 0.041170765 -7.072036266 -0.744536161 0.019293301 0.667303205 71.167419434
0.648835480 -0.072502360 0.757466793 22.847093582 0.062070876 0.997175932 0.042277530 -7.141729832 -0.758392811 0.019585459 0.651503384 71.949295044
0.633895576 -0.070237800 0.770222664 23.881553650 0.062564187 0.997260928 0.039451245 -7.213216782 -0.770883858 0.023180386 0.636553705 72.728492737
0.618785501 -0.068102732 0.782602370 24.900110245 0.065103129 0.997253895 0.035306349 -7.288955688 -0.782857656 0.029102806 0.621519804 73.466079712
0.604434133 -0.068494022 0.793705165 25.935295105 0.068602532 0.997071326 0.033800602 -7.365980625 -0.793695807 0.034019951 0.607362747 74.187995911
0.591810405 -0.074621975 0.802615821 27.014133453 0.075550936 0.996457577 0.036936510 -7.438106537 -0.802528799 0.038778979 0.595351636 74.887924194
0.579433143 -0.080561467 0.811028361 28.079217911 0.085256711 0.995634556 0.037987851 -7.517195702 -0.810548186 0.047134195 0.583772063 75.569046021
0.567947209 -0.080731623 0.819096088 29.159711838 0.087201357 0.995478809 0.037652306 -7.593602180 -0.818432629 0.050041765 0.572419345 76.244804382
0.555986822 -0.074171133 0.827875257 30.225330353 0.083750300 0.995940745 0.032983202 -7.669504166 -0.826960981 0.050996583 0.559941709 76.895126343
0.542984247 -0.072033353 0.836647630 31.301696777 0.082157016 0.996091247 0.032441162 -7.752435684 -0.835714161 0.051121444 0.546779871 77.537338257
0.529992282 -0.070250414 0.845087647 32.387779236 0.080984652 0.996200800 0.032023028 -7.833272934 -0.844126582 0.051467180 0.533667862 78.163505554
0.517358124 -0.072311886 0.852708340 33.494316101 0.084234580 0.995887756 0.033346795 -7.913086891 -0.851613224 0.054575291 0.521321833 78.770904541
0.504194617 -0.075797789 0.860257268 34.607448578 0.090892360 0.995265603 0.034421679 -7.997016430 -0.858793497 0.060835589 0.508697033 79.345214844
0.490978986 -0.082982928 0.867210090 35.751976013 0.098065905 0.994390488 0.039631836 -8.064592361 -0.865634263 0.065585360 0.496362627 79.905281067
0.476657629 -0.090373002 0.874431312 36.863922119 0.102586046 0.993623912 0.046771381 -8.145419121 -0.873082817 0.067410514 0.482889414 80.458435059
0.462457031 -0.089647189 0.882097960 37.992698669 0.105614766 0.993361712 0.045584291 -8.218717575 -0.880328894 0.072081804 0.468855143 80.975662231
0.448016644 -0.073407277 0.891006410 39.133743286 0.101990782 0.994313538 0.030635344 -8.301953316 -0.888188601 0.077149287 0.452955842 81.485458374
0.432608902 -0.056001771 0.899840772 40.259979248 0.094956428 0.995348036 0.016294278 -8.388858795 -0.896567225 0.078396641 0.435914069 81.980461121
0.416154295 -0.049163565 0.907963932 41.392936707 0.082619712 0.996451259 0.016087135 -8.484074593 -0.905532718 0.068321005 0.418739319 82.458175659
0.400053531 -0.050090093 0.915121913 42.554420471 0.075979061 0.996880829 0.021350335 -8.569183350 -0.913336873 0.060988836 0.402611464 82.929397583
0.384162337 -0.057889111 0.921448946 43.707721710 0.072296292 0.996854067 0.032485243 -8.650995255 -0.920430660 0.054137733 0.387138933 83.367935181
0.371219456 -0.063672073 0.926359534 44.874584198 0.070568770 0.996695578 0.040227529 -8.724909782 -0.925859690 0.050438814 0.374485999 83.777572632
0.357951760 -0.060917471 0.931750774 46.022109985 0.073745646 0.996596932 0.036826130 -8.800590515 -0.930823386 0.055530578 0.361225992 84.159072876
0.345373809 -0.059972845 0.936546922 47.172397614 0.072966330 0.996651053 0.036913626 -8.868255615 -0.935624301 0.055587381 0.348593175 84.533309937
0.333584785 -0.056073744 0.941050947 48.330856323 0.069203213 0.996992826 0.034875885 -8.949592590 -0.940176666 0.053489685 0.336462021 84.886276245
0.321081877 -0.056142282 0.945385873 49.492141724 0.064172849 0.997236729 0.037426427 -9.025379181 -0.944874763 0.048651166 0.323797464 85.240348816
0.310909122 -0.056806922 0.948740482 50.669837952 0.063215569 0.997237742 0.038994566 -9.097961426 -0.948335052 0.047851399 0.313641429 85.571624756
0.303151518 -0.057824440 0.951186359 51.837974548 0.064048283 0.997136533 0.040205091 -9.177523613 -0.950787544 0.048733611 0.305987030 85.897819519
0.298329204 -0.056598432 0.952783465 52.998077393 0.065200031 0.997116923 0.038816988 -9.247592926 -0.952233493 0.050541267 0.301159292 86.209197998
0.294312865 -0.056427654 0.954041839 54.161399841 0.065943323 0.997075319 0.038630012 -9.318067551 -0.953431368 0.051543385 0.297173083 86.510467529
0.290638059 -0.056383412 0.955170333 55.341941833 0.066450119 0.997041464 0.038635690 -9.396142960 -0.954522848 0.052242175 0.293524951 86.816345215
0.285837173 -0.054861549 0.956706405 56.493476868 0.064242378 0.997210920 0.037990410 -9.466426849 -0.956122339 0.050602030 0.288564473 87.113021851
0.282111406 -0.054359410 0.957840323 57.692218781 0.065039895 0.997180223 0.037435919 -9.539720535 -0.957174480 0.051736735 0.284851462 87.414222717
0.277350128 -0.058821250 0.958966613 58.871406555 0.065189742 0.996976018 0.042298641 -9.628938675 -0.958554745 0.050783247 0.280345976 87.711921692
0.273999333 -0.062874392 0.959672451 60.040252686 0.060368452 0.997017264 0.048085093 -9.688909531 -0.959833384 0.044758651 0.276977688 87.996986389
0.269052744 -0.061804257 0.961140454 61.209213257 0.063796416 0.996890962 0.046244554 -9.752889633 -0.961010277 0.048875086 0.272159129 88.285209656
0.265627056 -0.051039312 0.962723851 62.391391754 0.059011467 0.997586071 0.036605563 -9.826178551 -0.962268114 0.047088329 0.267997772 88.564590454
0.261528790 -0.047208060 0.964040518 63.546073914 0.058682196 0.997733235 0.032938413 -9.898101807 -0.963410139 0.047957681 0.263706237 88.834938049
0.259592861 -0.049503852 0.964448452 64.727722168 0.060648631 0.997549713 0.034878574 -9.971864700 -0.963811874 0.049438260 0.261959046 89.098037720
0.256277531 -0.049915779 0.965313494 65.890274048 0.060312178 0.997545600 0.035570417 -10.051693916 -0.964719772 0.049104262 0.258659005 89.352104187
0.253414214 -0.050953634 0.966014922 67.058914185 0.057210844 0.997653306 0.037614338 -10.119285583 -0.965664685 0.045734528 0.255734622 89.607444763
0.250577539 -0.053213127 0.966633022 68.226112366 0.056138087 0.997606695 0.040365711 -10.181112289 -0.966467500 0.044150181 0.252965122 89.859619141
0.247086674 -0.052857548 0.967550635 69.406509399 0.053764675 0.997720778 0.040775679 -10.261839867 -0.967500687 0.041944925 0.249365389 90.121948242
0.244293988 -0.053446822 0.968227148 70.581466675 0.053607553 0.997697353 0.041547835 -10.331467628 -0.968218327 0.041754398 0.246596634 90.372459412
0.242595807 -0.055003297 0.968566954 71.761154175 0.052986842 0.997652352 0.043383449 -10.401846886 -0.968679368 0.040796660 0.244940728 90.618865967
0.240974173 -0.056078032 0.968910098 72.939094543 0.053089596 0.997596204 0.044534586 -10.467109680 -0.969078481 0.040707357 0.243372053 90.859573364
0.239366204 -0.054618698 0.969391882 74.124114990 0.052830841 0.997670054 0.043166775 -10.541934013 -0.969491065 0.040881116 0.241694018 91.114326477
0.237489060 -0.052819062 0.969953060 75.308349609 0.051938165 0.997782767 0.041617680 -10.612973213 -0.970000625 0.040493846 0.239705801 91.368560791
0.237331957 -0.053229876 0.969969153 76.502609253 0.052815530 0.997727811 0.041830320 -10.681238174 -0.969991744 0.041301765 0.239604071 91.590965271
0.236718416 -0.055344716 0.970000684 77.695846558 0.053499378 0.997604072 0.043863691 -10.746112823 -0.970104218 0.041511096 0.239112198 91.828491211
0.236672774 -0.058778644 0.969809830 78.904228210 0.056381509 0.997317255 0.046686456 -10.812246323 -0.969952106 0.043629941 0.239351869 92.056037903
0.236479670 -0.058987819 0.969844282 80.093475342 0.055885624 0.997328758 0.047032755 -10.876628876 -0.970027924 0.043078069 0.239144564 92.297035217
0.236702636 -0.058826253 0.969799638 81.307014465 0.053465821 0.997441530 0.047453355 -10.941972733 -0.970109940 0.040618803 0.239242241 92.535087585
0.236130655 -0.057895619 0.969995081 82.499626160 0.051722452 0.997557282 0.046949659 -11.005859375 -0.970343828 0.039084267 0.238548353 92.778640747
0.236250907 -0.056801308 0.970030487 83.738342285 0.049254864 0.997706652 0.046425901 -11.063846588 -0.970442951 0.036810558 0.238506854 93.026863098
0.236224309 -0.057847384 0.969975173 84.943855286 0.045742281 0.997781694 0.048365809 -11.116554260 -0.970621288 0.032943688 0.238346398 93.277404785
0.235445797 -0.056995180 0.970214844 86.169464111 0.043156356 0.997907400 0.048149057 -11.192653656 -0.970928848 0.030534444 0.237412781 93.528411865
0.233723521 -0.056420788 0.970664740 87.389305115 0.043867003 0.997910261 0.047441851 -11.246820450 -0.971313059 0.031491876 0.235710114 93.782882690
0.233374208 -0.056755282 0.970729291 88.617515564 0.041907851 0.997954667 0.048271950 -11.317564011 -0.971483529 0.029415747 0.235275373 94.018066406
0.231657192 -0.054447461 0.971272528 89.848274231 0.042491894 0.998045862 0.045813620 -11.373908997 -0.971869051 0.030658152 0.233518064 94.271759033
0.231058657 -0.052974302 0.971496642 91.081413269 0.041642696 0.998140037 0.044522930 -11.445703506 -0.972048342 0.030168330 0.232834861 94.516723633
0.230094299 -0.049600486 0.971903443 92.314376831 0.040362526 0.998327315 0.041393340 -11.513151169 -0.972330928 0.029704107 0.231711417 94.753387451
0.228813723 -0.048695460 0.972251534 93.540016174 0.042001288 0.998311877 0.040115941 -11.583070755 -0.972563624 0.031656738 0.230472729 94.987312317
0.227755174 -0.047023308 0.972582340 94.774795532 0.041697927 0.998387873 0.038506348 -11.661828995 -0.972825170 0.031784650 0.229348823 95.219696045
0.226301029 -0.048315816 0.972858369 96.047912598 0.046034914 0.998183489 0.038865164 -11.727760315 -0.972968936 0.035990231 0.228114173 95.480705261
0.225118011 -0.049518336 0.973072410 97.282615662 0.048611350 0.998034716 0.039542522 -11.804901123 -0.973118186 0.038400631 0.227082744 95.713630676
0.223461211 -0.048393238 0.973510742 98.524093628 0.048015255 0.998100698 0.038594108 -11.878204346 -0.973529518 0.038119081 0.225360423 95.949951172
0.221495628 -0.049888574 0.973884404 99.799148560 0.044896398 0.998153210 0.040920746 -11.954160690 -0.974127233 0.034660131 0.223326385 96.199539185
0.219421074 -0.053258311 0.974175513 101.043151855 0.040748723 0.998137951 0.045390189 -12.018257141 -0.974778891 0.029736843 0.221182719 96.435134888
0.217362002 -0.059595436 0.974270046 102.305297852 0.039689459 0.997848570 0.052182898 -12.086689949 -0.975283861 0.027325671 0.219259679 96.676872253
0.215478033 -0.059535973 0.974692106 103.546241760 0.037780147 0.997900665 0.052601438 -12.145352364 -0.975777566 0.025489558 0.217274949 96.917297363
0.213845715 -0.058305770 0.975125849 104.788276672 0.045401078 0.997731745 0.049700964 -12.209701538 -0.975811899 0.033643428 0.216007769 97.139358521
0.212297484 -0.058987550 0.975423098 106.052276611 0.051596947 0.997460663 0.049090356 -12.280468941 -0.975841939 0.039907090 0.214801982 97.355728149
0.209579214 -0.057382729 0.976106405 107.305122375 0.058880776 0.997205496 0.045980841 -12.348188400 -0.976017177 0.047837272 0.212372318 97.570632935
0.205838040 -0.061085217 0.976677656 108.570434570 0.060769703 0.996921599 0.049543917 -12.411742210 -0.976697326 0.049154401 0.208916515 97.778854370
0.201137751 -0.062023256 0.977597356 109.821952820 0.062397528 0.996777833 0.050402053 -12.477921486 -0.977573574 0.050861899 0.204359740 97.982940674
0.196939424 -0.062844142 0.978399456 111.086257935 0.061501399 0.996769965 0.051644664 -12.540483475 -0.978484750 0.050002065 0.200168312 98.190826416
0.193984598 -0.062517330 0.979010463 112.343261719 0.061462816 0.996781170 0.051473673 -12.602689743 -0.979077280 0.050187644 0.197202682 98.383872986
0.192473099 -0.061817504 0.979353130 113.601455688 0.062810756 0.996743321 0.050570935 -12.666980743 -0.979289949 0.051780369 0.195729062 98.577140808
0.190947816 -0.057295568 0.979926586 114.857452393 0.065838218 0.996794581 0.045452639 -12.736688614 -0.979389727 0.055837534 0.194107994 98.770812988
0.190212041 -0.053560786 0.980280817 116.108810425 0.064449154 0.997038007 0.041970760 -12.802502632 -0.979625285 0.055194929 0.193100572 98.964309692
0.190148309 -0.055900689 0.980162561 117.375732422 0.066746853 0.996803641 0.043901101 -12.866641998 -0.979483902 0.057075042 0.193271682 99.162460327
0.190921798 -0.060000539 0.979769766 118.615806580 0.070264749 0.996405005 0.047327206 -12.937599182 -0.979087174 0.059807483 0.194451362 99.354362488
0.192659020 -0.062669195 0.979262531 119.879745483 0.073321559 0.996088028 0.049320769 -13.001722336 -0.978522599 0.062298968 0.196500361 99.553108215
0.195573941 -0.065576315 0.978494108 121.115760803 0.078350440 0.995617211 0.051063780 -13.062802315 -0.977554142 0.066678695 0.199854746 99.749198914
0.199909687 -0.071219824 0.977222502 122.373580933 0.082680821 0.995023727 0.055603214 -13.120702744 -0.976319611 0.069681957 0.204803392 99.950363159
0.203556746 -0.072528034 0.976373076 123.606643677 0.085218109 0.994780064 0.056128878 -13.179159164 -0.975347400 0.071779236 0.208674923 100.158432007
0.206105053 -0.070635222 0.975977123 124.831893921 0.085802570 0.994854093 0.053881794 -13.241205215 -0.974760830 0.072636031 0.211105108 100.362396240
0.209370986 -0.067200296 0.975524426 126.082359314 0.084089249 0.995177329 0.050506540 -13.308887482 -0.974213958 0.071456507 0.214012071 100.584510803
0.210897148 -0.063772097 0.975425839 127.297203064 0.081987537 0.995507419 0.047358453 -13.369682312 -0.974063873 0.069984995 0.215178221 100.810241699
0.212544248 -0.062192604 0.975170195 128.542602539 0.081136577 0.995649397 0.045814484 -13.434941292 -0.973777056 0.069384359 0.216665655 101.031845093
0.214611515 -0.062228654 0.974715054 129.756210327 0.079072677 0.995799303 0.046164621 -13.497500420 -0.973493397 0.067165859 0.218630582 101.231895447
0.215242654 -0.061907385 0.974596322 130.997116089 0.076991536 0.995957911 0.046260476 -13.566648483 -0.973520875 0.065078430 0.219138980 101.474494934
0.216074139 -0.061621625 0.974430501 132.215240479 0.077635929 0.995930791 0.045765970 -13.632086754 -0.973285437 0.065761976 0.219978958 101.693298340
0.215649039 -0.063832276 0.974382401 133.417587280 0.079233900 0.995714366 0.047693815 -13.697197914 -0.973250985 0.066918969 0.219782561 101.918327332
0.217037797 -0.066470161 0.973897457 134.655929565 0.083725572 0.995270073 0.049270220 -13.745164871 -0.972566009 0.070846640 0.221576482 102.156005859
0.219043821 -0.068208151 0.973327935 135.861602783 0.089055546 0.994787395 0.049670346 -13.809757233 -0.971642375 0.075800285 0.223976374 102.376480103
0.222350448 -0.068447016 0.972561181 137.069763184 0.091288157 0.994611859 0.049128283 -13.866304398 -0.970683634 0.077859633 0.227400810 102.589508057
0.224880725 -0.067280613 0.972060680 138.255813599 0.090693861 0.994727731 0.047867972 -13.934431076 -0.970156312 0.077395365 0.229797006 102.811370850
0.227503553 -0.064600594 0.971632004 139.441940308 0.090722911 0.994863331 0.044902779 -13.992691994 -0.969541907 0.077933736 0.232195720 103.034393311
0.229932085 -0.064553194 0.971063256 140.637252808 0.089673154 0.994958222 0.044908486 -14.053632736 -0.969066560 0.076752417 0.234561533 103.265480042
0.232103050 -0.065111063 0.970509470 141.834991455 0.085623100 0.995251536 0.046293736 -14.118386269 -0.968915284 0.072353117 0.236575931 103.503150940
0.235666424 -0.065187387 0.969645262 143.030181885 0.086965278 0.995159507 0.045766279 -14.184435844 -0.967935085 0.073539898 0.240194738 103.730133057
0.238982052 -0.063369796 0.968954027 144.215667725 0.086382560 0.995299399 0.043787450 -14.239835739 -0.967173934 0.073236309 0.243332729 103.968894958
0.242523953 -0.063159585 0.968087316 145.374633789 0.085702628 0.995372117 0.043469563 -14.306934357 -0.966352522 0.072425202 0.246814504 104.219573975
0.247044817 -0.063789725 0.966902196 146.554351807 0.084620841 0.995438933 0.044051651 -14.370309830 -0.965302050 0.070937328 0.251315981 104.475753784
0.252549261 -0.060872108 0.965667367 147.731460571 0.086634725 0.995433092 0.040091004 -14.441845894 -0.963697672 0.073535360 0.256669551 104.713531494
0.257614285 -0.055615686 0.964645863 148.925628662 0.084825672 0.995789468 0.034758031 -14.509834290 -0.962517202 0.072872587 0.261247128 104.974143982
0.262603730 -0.058818303 0.963109314 150.091201782 0.087946370 0.995444775 0.036813390 -14.580097198 -0.960887432 0.075034641 0.266580343 105.230728149
0.268781245 -0.062044464 0.961200833 151.262573242 0.088538848 0.995289743 0.039486688 -14.647149086 -0.959123254 0.074490339 0.273008525 105.503265381
0.274442315 -0.066082962 0.959330201 152.436325073 0.085598797 0.995354176 0.044076622 -14.717618942 -0.957786143 0.070021018 0.278823942 105.799774170
0.280221462 -0.067414001 0.957565308 153.586532593 0.083677471 0.995449185 0.045593765 -14.779517174 -0.956281364 0.067350283 0.284587234 106.093353271
0.286619872 -0.067628831 0.955654562 154.750488281 0.078171700 0.995830238 0.047026686 -14.836420059 -0.954849839 0.061226360 0.290711373 106.407638550
0.293884724 -0.066043563 0.953556597 155.898269653 0.075638592 0.996088445 0.045677636 -14.896512032 -0.952843428 0.058701709 0.297730654 106.712203979
0.301829576 -0.057555750 0.951622844 157.046020508 0.071773000 0.996715069 0.037518505 -14.962865829 -0.950656354 0.056976646 0.304969072 107.045623779
0.310166299 -0.054742847 0.949104905 158.188659668 0.068903439 0.997009516 0.034988355 -15.030952454 -0.948182046 0.054544382 0.313010812 107.371841431
0.318669677 -0.054927044 0.946273029 159.339874268 0.066191778 0.997171938 0.035590567 -15.092809677 -0.945551872 0.051293865 0.321404189 107.712440491
0.326791525 -0.056168690 0.943425834 160.484085083 0.062733114 0.997319996 0.037647374 -15.171068192 -0.943012118 0.046881195 0.329439402 108.071517944
0.336371809 -0.055567093 0.940088451 161.620849609 0.058543250 0.997560680 0.038016897 -15.245773315 -0.939907849 0.042248011 0.338804334 108.430961609
0.347234815 -0.055531196 0.936132550 162.771728516 0.058369707 0.997589409 0.037526038 -15.325565338 -0.935959935 0.041611440 0.349639058 108.802345276
0.358740956 -0.055284809 0.931798518 163.893661499 0.057517800 0.997656703 0.037048008 -15.397001266 -0.931663394 0.040304363 0.361080199 109.185379028
0.369862974 -0.054000143 0.927515686 165.030746460 0.056635246 0.997763336 0.035505690 -15.476999283 -0.927358508 0.039397836 0.372094035 109.595565796
0.381404817 -0.051985312 0.922945201 166.150772095 0.055653915 0.997897744 0.033208210 -15.553155899 -0.922731280 0.038699739 0.383496195 110.007049561
0.392690837 -0.050805379 0.918266177 167.268951416 0.052826781 0.998070478 0.032629706 -15.622921944 -0.918152094 0.035695657 0.394616991 110.438964844
0.403593510 -0.050680473 0.913533628 168.369323730 0.050403509 0.998179972 0.033108477 -15.701911926 -0.913549006 0.032682940 0.405413419 110.878166199
0.414503545 -0.049386393 0.908706665 169.498916626 0.046142817 0.998382688 0.033212200 -15.782969475 -0.908877134 0.028163711 0.416111887 111.358100891
0.425336182 -0.048077803 0.903757572 170.596313477 0.043561012 0.998518050 0.032617696 -15.866306305 -0.903986573 0.025495091 0.426800191 111.827461243
0.436419517 -0.043893620 0.898671985 171.697967529 0.041871652 0.998717904 0.028446130 -15.944818497 -0.898768485 0.025214437 0.437697858 112.328437805
0.448431581 -0.039536975 0.892942309 172.780136108 0.045764990 0.998726487 0.021237837 -16.037445068 -0.892644763 0.031341784 0.449669868 112.810981750
0.461158097 -0.035727628 0.886598408 173.883789062 0.049948800 0.998649955 0.014262488 -16.135250092 -0.885911047 0.037707265 0.462320000 113.314437866
0.474910170 -0.035243057 0.879328251 174.967102051 0.054902595 0.998437941 0.010364958 -16.239379883 -0.878320038 0.043354977 0.476103276 113.836944580
0.489805371 -0.036194224 0.871080160 176.048156738 0.055738330 0.998394012 0.010142752 -16.350126266 -0.870048225 0.043584581 0.491036147 114.395874023
0.504384756 -0.037188049 0.862677872 177.113586426 0.056979414 0.998327971 0.009721275 -16.457151413 -0.861597002 0.044251613 0.505660355 114.962448120
0.518900454 -0.036727425 0.854045212 178.179824829 0.054514240 0.998464763 0.009816316 -16.564981461 -0.853094697 0.041463945 0.520105898 115.551925659
0.532880008 -0.034658775 0.845480740 179.213928223 0.053487029 0.998542488 0.007222033 -16.680885315 -0.844498694 0.041373774 0.533957005 116.151870728
0.546821177 -0.030451814 0.836695552 180.264022827 0.051637568 0.998662472 0.002599007 -16.788095474 -0.835655510 0.041783728 0.547662139 116.777702332
0.560665190 -0.029849548 0.827504396 181.294570923 0.050951589 0.998699963 0.001503272 -16.906604767 -0.826473534 0.041319832 0.561457157 117.418075562
0.574109375 -0.030099805 0.818225265 182.318420410 0.050883215 0.998703957 0.001036727 -17.023971558 -0.817196012 0.041038740 0.574896812 118.080253601
0.587237537 -0.030959969 0.808822334 183.319168091 0.051358305 0.998679876 0.000939108 -17.138298035 -0.807783663 0.040988270 0.588052273 118.754501343
0.600897431 -0.032838374 0.798651338 184.329818726 0.054990541 0.998486817 -0.000319270 -17.270427704 -0.797432303 0.044110108 0.601793945 119.441955566
0.614213228 -0.034970019 0.788364887 185.320129395 0.058037348 0.998313963 -0.000933885 -17.395328522 -0.787002981 0.046328209 0.615207255 120.145629883
0.627608955 -0.036669001 0.777664661 186.301971436 0.060634606 0.998158276 -0.001868856 -17.512138367 -0.776163936 0.048326299 0.628676414 120.861930847
0.640434802 -0.037720893 0.767085671 187.262252808 0.060784172 0.998149574 -0.001665009 -17.636512756 -0.765603304 0.047692999 0.641542494 121.597076416
0.653031647 -0.036295574 0.756460369 188.233795166 0.058749191 0.998268783 -0.002818842 -17.758760452 -0.755048454 0.046282228 0.654033482 122.379226685
0.664973021 -0.033309750 0.746124268 189.174972534 0.054555748 0.998502553 -0.004045210 -17.878900528 -0.744872153 0.043395318 0.665794551 123.150108337
0.676525772 -0.030960584 0.735767782 190.122680664 0.051039416 0.998684525 -0.004905925 -18.004455566 -0.734647989 0.040872142 0.677216113 123.967811584
0.687318563 -0.029254196 0.725766838 191.043792725 0.049483951 0.998753071 -0.006604759 -18.134765625 -0.724668682 0.040453382 0.687909067 124.781402588
0.698281348 -0.027880616 0.715280235 191.941574097 0.048852548 0.998767674 -0.008760997 -18.272840500 -0.714154482 0.041060910 0.698782742 125.590003967
0.708814502 -0.028906198 0.704802394 192.837005615 0.051068991 0.998640895 -0.010402250 -18.398223877 -0.703543901 0.043366816 0.709327340 126.425216675
0.719153464 -0.031642642 0.694130421 193.747283936 0.051281288 0.998655260 -0.007605227 -18.525209427 -0.692956388 0.041065224 0.719809115 127.282615662
0.727598548 -0.032706518 0.685223103 194.639923096 0.048926294 0.998793244 -0.004278391 -18.646530151 -0.684256196 0.036638379 0.728320777 128.155792236
0.734045088 -0.033459783 0.678275883 195.526885986 0.047782134 0.998854935 -0.002436744 -18.776250839 -0.677417576 0.034198154 0.734803259 129.042358398
0.738737583 -0.032487214 0.673209786 196.412643433 0.045178849 0.998978019 -0.001368512 -18.895412445 -0.672477365 0.031425815 0.739450276 129.947830200
0.742309570 -0.032268621 0.669279516 197.310607910 0.043872312 0.999036968 -0.000492019 -19.023359299 -0.668619096 0.029728074 0.743010461 130.865798950
0.744516969 -0.032373462 0.666818142 198.180541992 0.043918766 0.999035001 -0.000533955 -19.145490646 -0.666157305 0.029683370 0.745220304 131.772567749
0.747223794 -0.032441106 0.663780212 199.089645386 0.044711463 0.998998821 -0.001507799 -19.275869370 -0.663066745 0.030805251 0.747926056 132.711578369
0.749324620 -0.033602174 0.661349833 199.980911255 0.045849662 0.998947680 -0.001193717 -19.401859283 -0.660613775 0.031217150 0.750076592 133.633300781
0.751669049 -0.033042122 0.658712208 200.866516113 0.046819683 0.998897851 -0.003320419 -19.528234482 -0.657876551 0.033336554 0.752387583 134.557723999
0.753707409 -0.034021057 0.656329036 201.729492188 0.048479445 0.998816609 -0.003898219 -19.654979706 -0.655419767 0.034756575 0.754464746 135.479614258
0.756275833 -0.036302876 0.653244972 202.623535156 0.050770454 0.998704851 -0.003276876 -19.794593811 -0.652280033 0.035643760 0.757139564 136.418884277
0.758262575 -0.041841578 0.650605202 203.487274170 0.054820485 0.998496234 0.000323276 -19.924364090 -0.649640262 0.035421368 0.759415984 137.337371826
