-1.000000e+00 5.326322e-07 -0.000000e+00 6.550000e+01 -5.326322e-07 -1.000000e+00 0.000000e+00 6.800000e+01 0.000000e+00 0.000000e+00 1.000000e+00 1.580276e-03
-1.000000e+00 5.326322e-07 -0.000000e+00 6.550000e+01 -5.326322e-07 -1.000000e+00 0.000000e+00 6.800000e+01 0.000000e+00 0.000000e+00 1.000000e+00 1.580276e-03
-1.000000e+00 5.326322e-07 -0.000000e+00 6.550000e+01 -5.326322e-07 -1.000000e+00 0.000000e+00 6.800000e+01 0.000000e+00 0.000000e+00 1.000000e+00 1.580276e-03
-1.000000e+00 5.326322e-07 -0.000000e+00 6.550000e+01 -5.326322e-07 -1.000000e+00 0.000000e+00 6.800000e+01 0.000000e+00 0.000000e+00 1.000000e+00 1.394310e-03
-1.000000e+00 5.326322e-07 -0.000000e+00 6.550000e+01 -5.326322e-07 -1.000000e+00 0.000000e+00 6.800000e+01 0.000000e+00 0.000000e+00 1.000000e+00 1.354484e-03
-1.000000e+00 5.326322e-07 -0.000000e+00 6.550000e+01 -5.326322e-07 -1.000000e+00 0.000000e+00 6.800000e+01 0.000000e+00 0.000000e+00 1.000000e+00 1.383820e-03
-1.000000e+00 5.326322e-07 -0.000000e+00 6.550000e+01 -5.326322e-07 -1.000000e+00 0.000000e+00 6.800000e+01 0.000000e+00 0.000000e+00 1.000000e+00 1.436386e-03
-1.000000e+00 5.326322e-07 -0.000000e+00 6.550000e+01 -5.326322e-07 -1.000000e+00 0.000000e+00 6.800000e+01 0.000000e+00 0.000000e+00 1.000000e+00 1.490784e-03
-1.000000e+00 5.326322e-07 -0.000000e+00 6.550000e+01 -5.326322e-07 -1.000000e+00 0.000000e+00 6.800000e+01 0.000000e+00 0.000000e+00 1.000000e+00 1.538429e-03
-1.000000e+00 5.326322e-07 -0.000000e+00 6.550000e+01 -5.326322e-07 -1.000000e+00 0.000000e+00 6.800000e+01 0.000000e+00 0.000000e+00 1.000000e+00 1.576767e-03
-1.000000e+00 5.326322e-07 -0.000000e+00 6.550000e+01 -5.326322e-07 -1.000000e+00 0.000000e+00 6.800000e+01 0.000000e+00 0.000000e+00 1.000000e+00 1.606140e-03
-1.000000e+00 5.326322e-07 -0.000000e+00 6.550000e+01 -5.326322e-07 -1.000000e+00 0.000000e+00 6.800000e+01 0.000000e+00 0.000000e+00 1.000000e+00 1.615333e-03
-1.000000e+00 5.326322e-07 -0.000000e+00 6.550000e+01 -5.326322e-07 -1.000000e+00 0.000000e+00 6.800000e+01 0.000000e+00 0.000000e+00 1.000000e+00 1.626244e-03
-1.000000e+00 5.326322e-07 -0.000000e+00 6.550000e+01 -5.326322e-07 -1.000000e+00 0.000000e+00 6.800000e+01 0.000000e+00 0.000000e+00 1.000000e+00 1.637917e-03
-1.000000e+00 5.326322e-07 -0.000000e+00 6.550000e+01 -5.326322e-07 -1.000000e+00 0.000000e+00 6.800000e+01 0.000000e+00 0.000000e+00 1.000000e+00 1.648254e-03
-1.000000e+00 5.326322e-07 -0.000000e+00 6.550000e+01 -5.326322e-07 -1.000000e+00 0.000000e+00 6.800000e+01 0.000000e+00 0.000000e+00 1.000000e+00 1.656647e-03
-1.000000e+00 5.326322e-07 -0.000000e+00 6.550000e+01 -5.326322e-07 -1.000000e+00 0.000000e+00 6.800000e+01 0.000000e+00 0.000000e+00 1.000000e+00 1.663132e-03
-1.000000e+00 5.326322e-07 -0.000000e+00 6.550000e+01 -5.326322e-07 -1.000000e+00 0.000000e+00 6.800000e+01 0.000000e+00 0.000000e+00 1.000000e+00 1.667976e-03
-1.000000e+00 5.326322e-07 -0.000000e+00 6.550000e+01 -5.326322e-07 -1.000000e+00 0.000000e+00 6.800000e+01 0.000000e+00 0.000000e+00 1.000000e+00 1.671410e-03
-1.000000e+00 5.326322e-07 -0.000000e+00 6.550000e+01 -5.326322e-07 -1.000000e+00 0.000000e+00 6.800000e+01 0.000000e+00 0.000000e+00 1.000000e+00 1.673126e-03
-1.000000e+00 5.326322e-07 -0.000000e+00 6.550000e+01 -5.326322e-07 -1.000000e+00 0.000000e+00 6.800000e+01 0.000000e+00 0.000000e+00 1.000000e+00 1.673126e-03
-1.000000e+00 5.326322e-07 -0.000000e+00 6.550000e+01 -5.326322e-07 -1.000000e+00 0.000000e+00 6.800000e+01 0.000000e+00 0.000000e+00 1.000000e+00 1.675110e-03
-1.000000e+00 5.326322e-07 -0.000000e+00 6.550000e+01 -5.326322e-07 -1.000000e+00 0.000000e+00 6.800000e+01 0.000000e+00 0.000000e+00 1.000000e+00 1.676140e-03
-1.000000e+00 5.326322e-07 -0.000000e+00 6.550000e+01 -5.326322e-07 -1.000000e+00 0.000000e+00 6.800000e+01 0.000000e+00 0.000000e+00 1.000000e+00 1.676140e-03
-1.000000e+00 5.326322e-07 -0.000000e+00 6.550000e+01 -5.326322e-07 -1.000000e+00 0.000000e+00 6.800000e+01 0.000000e+00 0.000000e+00 1.000000e+00 1.677628e-03
-1.000000e+00 5.326322e-07 -0.000000e+00 6.550000e+01 -5.326322e-07 -1.000000e+00 0.000000e+00 6.800000e+01 0.000000e+00 0.000000e+00 1.000000e+00 1.677628e-03
-1.000000e+00 5.326322e-07 -0.000000e+00 6.550000e+01 -5.326322e-07 -1.000000e+00 0.000000e+00 6.800000e+01 0.000000e+00 0.000000e+00 1.000000e+00 1.677628e-03
-1.000000e+00 5.326322e-07 -0.000000e+00 6.550000e+01 -5.326322e-07 -1.000000e+00 0.000000e+00 6.800000e+01 0.000000e+00 0.000000e+00 1.000000e+00 1.678772e-03
-1.000000e+00 5.326322e-07 -0.000000e+00 6.550000e+01 -5.326322e-07 -1.000000e+00 0.000000e+00 6.800000e+01 0.000000e+00 0.000000e+00 1.000000e+00 1.678772e-03
-1.000000e+00 5.326322e-07 -0.000000e+00 6.550000e+01 -5.326322e-07 -1.000000e+00 0.000000e+00 6.800000e+01 0.000000e+00 0.000000e+00 1.000000e+00 1.678772e-03
-1.000000e+00 4.261057e-06 -1.668931e-06 6.549998e+01 -4.261058e-06 -1.000000e+00 2.276052e-07 6.800000e+01 -1.668930e-06 2.276123e-07 1.000000e+00 1.679573e-03
-9.999999e-01 2.112000e-04 4.811237e-04 6.547106e+01 -2.111886e-04 -1.000000e+00 2.361333e-05 6.799976e+01 4.811286e-04 2.351172e-05 9.999999e-01 1.517448e-03
-9.999994e-01 5.089741e-04 9.875067e-04 6.540964e+01 -5.089298e-04 -9.999999e-01 4.513299e-05 6.799920e+01 9.875296e-04 4.463039e-05 9.999995e-01 1.347427e-03
-9.999988e-01 8.168645e-04 1.316620e-03 6.532346e+01 -8.167907e-04 -9.999997e-01 5.658794e-05 6.799843e+01 1.316666e-03 5.551247e-05 9.999991e-01 1.236992e-03
-9.999980e-01 1.393450e-03 1.420651e-03 6.522086e+01 -1.393364e-03 -9.999990e-01 6.169860e-05 6.799759e+01 1.420736e-03 5.971899e-05 9.999990e-01 1.201859e-03
-9.999972e-01 1.913823e-03 1.416219e-03 6.510424e+01 -1.913744e-03 -9.999982e-01 5.671956e-05 6.799665e+01 1.416325e-03 5.400911e-05 9.999990e-01 1.203308e-03
-9.999961e-01 2.460025e-03 1.342292e-03 6.497656e+01 -2.459957e-03 -9.999970e-01 5.179743e-05 6.799564e+01 1.342415e-03 4.849524e-05 9.999991e-01 1.228027e-03
-9.999947e-01 3.020075e-03 1.249651e-03 6.483865e+01 -3.020018e-03 -9.999954e-01 4.774861e-05 6.799451e+01 1.249790e-03 4.397439e-05 9.999992e-01 1.259346e-03
-9.999930e-01 3.563613e-03 1.156543e-03 6.469130e+01 -3.563566e-03 -9.999936e-01 4.268051e-05 6.799332e+01 1.156687e-03 3.855879e-05 9.999993e-01 1.290550e-03
-9.999910e-01 4.098897e-03 1.074161e-03 6.453481e+01 -4.098857e-03 -9.999916e-01 3.953850e-05 6.799202e+01 1.074314e-03 3.513531e-05 9.999994e-01 1.318130e-03
-9.999888e-01 4.621133e-03 1.002986e-03 6.436956e+01 -4.621098e-03 -9.999893e-01 3.691235e-05 6.799062e+01 1.003146e-03 3.227704e-05 9.999995e-01 1.342201e-03
-9.999865e-01 5.118068e-03 9.455260e-04 6.419561e+01 -5.118038e-03 -9.999869e-01 3.389641e-05 6.798912e+01 9.456871e-04 2.905672e-05 9.999996e-01 1.361427e-03
-9.999840e-01 5.591834e-03 8.989136e-04 6.401315e+01 -5.591808e-03 -9.999844e-01 3.161785e-05 6.798753e+01 8.990763e-04 2.659079e-05 9.999996e-01 1.377029e-03
-9.999813e-01 6.051486e-03 8.627854e-04 6.382217e+01 -6.051462e-03 -9.999817e-01 3.078706e-05 6.798582e+01 8.629559e-04 2.556537e-05 9.999996e-01 1.389313e-03
-9.999786e-01 6.490897e-03 8.316663e-04 6.362291e+01 -6.490875e-03 -9.999789e-01 2.981528e-05 6.798401e+01 8.318423e-04 2.441640e-05 9.999997e-01 1.399956e-03
-9.999759e-01 6.902344e-03 8.055600e-04 6.341549e+01 -6.902324e-03 -9.999762e-01 2.820082e-05 6.798210e+01 8.057355e-04 2.263991e-05 9.999997e-01 1.408501e-03
-9.999731e-01 7.298878e-03 7.823072e-04 6.320009e+01 -7.298859e-03 -9.999734e-01 2.784460e-05 6.798006e+01 7.824896e-04 2.213389e-05 9.999997e-01 1.416321e-03
-9.999703e-01 7.664252e-03 7.622834e-04 6.297682e+01 -7.664234e-03 -9.999706e-01 2.628482e-05 6.797792e+01 7.624625e-04 2.044172e-05 9.999997e-01 1.423225e-03
-9.999676e-01 8.012049e-03 7.454708e-04 6.274575e+01 -8.012032e-03 -9.999679e-01 2.585674e-05 6.797567e+01 7.456540e-04 1.988317e-05 9.999997e-01 1.429024e-03
-9.999792e-01 6.408712e-03 7.315001e-04 6.250702e+01 -6.408852e-03 -9.999794e-01 -1.886613e-04 6.797562e+01 7.302760e-04 -1.933454e-04 9.999997e-01 1.433983e-03
-9.999819e-01 5.965905e-03 7.189460e-04 6.226061e+01 -5.965977e-03 -9.999822e-01 -9.691263e-05 6.797475e+01 7.183551e-04 -1.012001e-04 9.999997e-01 1.438065e-03
-9.999807e-01 6.167303e-03 7.088574e-04 6.200652e+01 -6.167308e-03 -9.999810e-01 -4.150450e-06 6.797304e+01 7.088183e-04 -8.522112e-06 9.999997e-01 1.656036e-03
-9.999800e-01 6.295142e-03 6.516693e-04 6.174681e+01 -6.295137e-03 -9.999802e-01 9.640836e-06 6.797138e+01 6.517171e-04 5.538295e-06 9.999998e-01 1.772461e-03
-9.999808e-01 6.182219e-03 5.150203e-04 6.148758e+01 -6.182222e-03 -9.999809e-01 -4.272961e-06 6.796985e+01 5.149841e-04 -7.456849e-06 9.999999e-01 1.830368e-03
-9.999809e-01 6.167576e-03 4.143529e-04 6.122728e+01 -6.167575e-03 -9.999810e-01 4.294633e-06 6.796824e+01 4.143715e-04 1.738999e-06 9.999999e-01 1.844254e-03
-9.999807e-01 6.196872e-03 3.754727e-04 6.096361e+01 -6.196869e-03 -9.999808e-01 7.054314e-06 6.796658e+01 3.755092e-04 4.727422e-06 9.999999e-01 1.829338e-03
-9.999807e-01 6.207790e-03 3.717879e-04 6.069560e+01 -6.207788e-03 -9.999807e-01 5.313151e-06 6.796490e+01 3.718138e-04 3.005068e-06 9.999999e-01 1.804008e-03
-9.999813e-01 6.098596e-03 4.012032e-04 6.042167e+01 -6.098601e-03 -9.999814e-01 -9.271302e-06 6.796333e+01 4.011392e-04 -1.171791e-05 9.999999e-01 1.772308e-03
-9.999814e-01 6.091144e-03 4.328409e-04 6.014162e+01 -6.091144e-03 -9.999814e-01 2.636545e-06 6.796162e+01 4.328489e-04 0.000000e+00 9.999999e-01 1.744575e-03
-9.999818e-01 6.010714e-03 4.517334e-04 5.985577e+01 -6.010718e-03 -9.999819e-01 -6.872264e-06 6.795996e+01 4.516840e-04 -9.587381e-06 9.999999e-01 1.725426e-03
-9.999818e-01 6.014713e-03 4.278288e-04 5.956630e+01 -6.014713e-03 -9.999819e-01 3.507525e-06 6.795823e+01 4.278421e-04 9.341941e-07 9.999999e-01 1.724129e-03
-9.999823e-01 5.939077e-03 3.690000e-04 5.927505e+01 -5.939080e-03 -9.999824e-01 -6.863347e-06 6.795656e+01 3.689527e-04 -9.054746e-06 9.999999e-01 1.737175e-03
-9.999824e-01 5.934021e-03 2.740537e-04 5.898454e+01 -5.934020e-03 -9.999824e-01 2.238214e-06 6.795483e+01 2.740621e-04 6.119341e-07 1.000000e+00 1.764336e-03
-9.999822e-01 5.967310e-03 1.738992e-04 5.869580e+01 -5.967310e-03 -9.999822e-01 5.065755e-06 6.795309e+01 1.739263e-04 4.027954e-06 1.000000e+00 1.794586e-03
-9.999821e-01 5.980625e-03 7.210405e-05 5.841007e+01 -5.980625e-03 -9.999821e-01 3.152859e-06 6.795138e+01 7.212162e-05 2.721576e-06 1.000000e+00 1.826515e-03
-9.999827e-01 5.876231e-03 -7.325121e-06 5.812717e+01 -5.876231e-03 -9.999827e-01 -1.122851e-05 6.794980e+01 -7.390976e-06 -1.118528e-05 1.000000e+00 1.851501e-03
-9.999828e-01 5.858388e-03 -7.187572e-05 5.784739e+01 -5.858388e-03 -9.999828e-01 -1.486366e-06 6.794817e+01 -7.188319e-05 -1.065264e-06 1.000000e+00 1.872063e-03
-9.999820e-01 5.994205e-03 -1.034461e-04 5.756966e+01 -5.994207e-03 -9.999820e-01 1.497586e-05 6.794640e+01 -1.033544e-04 1.559566e-05 1.000000e+00 1.881714e-03
-9.999865e-01 5.196081e-03 -1.151388e-04 5.729359e+01 -5.196070e-03 -9.999865e-01 -9.540809e-05 6.794563e+01 -1.156330e-04 -9.480853e-05 1.000000e+00 1.885338e-03
-9.999897e-01 4.542546e-03 -9.608606e-05 5.701765e+01 -4.542538e-03 -9.999897e-01 -7.820159e-05 6.794492e+01 -9.644031e-05 -7.776430e-05 1.000000e+00 1.878471e-03
-9.999904e-01 4.372099e-03 -6.436818e-05 5.674119e+01 -4.372098e-03 -9.999904e-01 -2.851120e-05 6.794386e+01 -6.449222e-05 -2.822950e-05 1.000000e+00 1.867638e-03
-9.999909e-01 4.275959e-03 -1.592151e-05 5.646298e+01 -4.275958e-03 -9.999909e-01 -1.231873e-05 6.794276e+01 -1.597404e-05 -1.225054e-05 1.000000e+00 1.850853e-03
-9.999913e-01 4.168101e-03 2.602514e-05 5.618297e+01 -4.168101e-03 -9.999913e-01 -8.946348e-06 6.794170e+01 2.598762e-05 -9.054746e-06 1.000000e+00 1.836777e-03
-9.999917e-01 4.075157e-03 6.451991e-05 5.590083e+01 -4.075158e-03 -9.999917e-01 -6.661346e-06 6.794064e+01 6.449222e-05 -6.924219e-06 1.000000e+00 1.823769e-03
-9.999923e-01 3.922825e-03 8.076048e-05 5.561737e+01 -3.922826e-03 -9.999923e-01 -1.406437e-05 6.793965e+01 8.070469e-05 -1.438107e-05 1.000000e+00 1.818085e-03
-9.999929e-01 3.774222e-03 8.576514e-05 5.533284e+01 -3.774223e-03 -9.999929e-01 -1.405747e-05 6.793871e+01 8.571148e-05 -1.438107e-05 1.000000e+00 1.816406e-03
-9.999932e-01 3.690866e-03 6.928765e-05 5.504833e+01 -3.690867e-03 -9.999932e-01 -7.201168e-06 6.793773e+01 6.926060e-05 -7.456850e-06 1.000000e+00 1.821938e-03
-9.999935e-01 3.598189e-03 4.938299e-05 5.476405e+01 -3.598189e-03 -9.999935e-01 -8.344478e-06 6.793678e+01 4.935264e-05 -8.522113e-06 1.000000e+00 1.828613e-03
-9.999936e-01 3.566231e-03 1.860033e-05 5.448081e+01 -3.566231e-03 -9.999936e-01 -9.989374e-07 6.793581e+01 1.859665e-05 -1.065264e-06 1.000000e+00 1.838951e-03
-9.999938e-01 3.530013e-03 -4.283987e-06 5.419840e+01 -3.530013e-03 -9.999938e-01 -2.145664e-06 6.793483e+01 -4.291534e-06 -2.130528e-06 1.000000e+00 1.846580e-03
-9.999940e-01 3.466097e-03 -2.823581e-05 5.391725e+01 -3.466097e-03 -9.999940e-01 -4.891587e-06 6.793391e+01 -2.825260e-05 -4.793690e-06 1.000000e+00 1.854477e-03
-9.999944e-01 3.356642e-03 -3.775159e-05 5.363676e+01 -3.356642e-03 -9.999944e-01 -1.131206e-05 6.793307e+01 -3.778934e-05 -1.118528e-05 1.000000e+00 1.857567e-03
-9.999945e-01 3.314564e-03 -4.481185e-05 5.335704e+01 -3.314564e-03 -9.999945e-01 -3.344343e-06 6.793217e+01 -4.482269e-05 -3.195793e-06 1.000000e+00 1.860123e-03
-9.999947e-01 3.242127e-03 -3.681130e-05 5.307733e+01 -3.242127e-03 -9.999947e-01 -7.576237e-06 6.793133e+01 -3.683567e-05 -7.456850e-06 1.000000e+00 1.857452e-03
-9.999950e-01 3.149183e-03 -2.881831e-05 5.279768e+01 -3.149183e-03 -9.999950e-01 -9.678180e-06 6.793053e+01 -2.884865e-05 -9.587378e-06 1.000000e+00 1.854820e-03
-9.999963e-01 2.737727e-03 -1.059902e-05 5.251740e+01 -2.737726e-03 -9.999963e-01 -4.743345e-05 6.793010e+01 -1.072884e-05 -4.740426e-05 1.000000e+00 1.848717e-03
-9.999971e-01 2.421344e-03 1.520785e-06 5.223671e+01 -2.421344e-03 -9.999971e-01 -3.728068e-05 6.792970e+01 1.430511e-06 -3.728426e-05 1.000000e+00 1.844559e-03
-9.999973e-01 2.318546e-03 1.767627e-05 5.195521e+01 -2.318546e-03 -9.999973e-01 -1.434012e-05 6.792913e+01 1.764297e-05 -1.438107e-05 1.000000e+00 1.839256e-03
-9.999974e-01 2.300436e-03 2.241496e-05 5.167338e+01 -2.300437e-03 -9.999974e-01 -1.546337e-06 6.792850e+01 2.241134e-05 -1.597897e-06 1.000000e+00 1.837616e-03
-9.999975e-01 2.225069e-03 2.850517e-05 5.139100e+01 -2.225069e-03 -9.999975e-01 -6.328176e-06 6.792795e+01 2.849102e-05 -6.391586e-06 1.000000e+00 1.835442e-03
-9.999975e-01 2.214949e-03 2.300294e-05 5.110868e+01 -2.214949e-03 -9.999975e-01 2.036942e-06 6.792733e+01 2.300739e-05 1.985987e-06 1.000000e+00 1.837425e-03
-9.999978e-01 2.098569e-03 2.028901e-05 5.082621e+01 -2.098569e-03 -9.999978e-01 -1.114272e-05 6.792684e+01 2.026558e-05 -1.118528e-05 1.000000e+00 1.838417e-03
-9.999981e-01 1.971004e-03 8.727457e-06 5.054417e+01 -1.971004e-03 -9.999981e-01 -1.276599e-05 6.792639e+01 8.702278e-06 -1.278317e-05 1.000000e+00 1.842270e-03
-9.999979e-01 2.061818e-03 3.552662e-06 5.026224e+01 -2.061818e-03 -9.999979e-01 1.145769e-05 6.792574e+01 3.576278e-06 1.145034e-05 1.000000e+00 1.844025e-03
-9.999980e-01 2.021072e-03 -6.907665e-06 4.998085e+01 -2.021072e-03 -9.999980e-01 -3.209760e-06 6.792520e+01 -6.914138e-06 -3.195793e-06 1.000000e+00 1.847458e-03
-9.999981e-01 1.951297e-03 -8.572659e-06 4.969956e+01 -1.951297e-03 -9.999981e-01 -5.343059e-06 6.792472e+01 -8.583068e-06 -5.326321e-06 1.000000e+00 1.848068e-03
-9.999982e-01 1.905757e-03 -1.381912e-05 4.941868e+01 -1.905757e-03 -9.999982e-01 -4.820036e-06 6.792422e+01 -1.382828e-05 -4.793691e-06 1.000000e+00 1.849976e-03
-9.999984e-01 1.806688e-03 -1.011353e-05 4.913770e+01 -1.806688e-03 -9.999984e-01 -1.067093e-05 6.792381e+01 -1.013279e-05 -1.065264e-05 1.000000e+00 1.848640e-03
-9.999985e-01 1.745435e-03 -1.071766e-05 4.885691e+01 -1.745435e-03 -9.999985e-01 -6.410303e-06 6.792337e+01 -1.072884e-05 -6.391586e-06 1.000000e+00 1.848526e-03
-9.999984e-01 1.811481e-03 -2.756522e-06 4.857581e+01 -1.811481e-03 -9.999984e-01 8.117310e-06 6.792281e+01 -2.741814e-06 8.122290e-06 1.000000e+00 1.846237e-03
-9.999982e-01 1.874864e-03 -1.685305e-06 4.829475e+01 -1.874864e-03 -9.999982e-01 8.732474e-06 6.792223e+01 -1.668930e-06 8.735618e-06 1.000000e+00 1.845665e-03
-9.999984e-01 1.786447e-03 6.213146e-06 4.801328e+01 -1.786448e-03 -9.999984e-01 -7.978396e-06 6.792180e+01 6.198883e-06 -7.989482e-06 1.000000e+00 1.842918e-03
-9.999987e-01 1.636778e-03 5.749064e-06 4.773186e+01 -1.636778e-03 -9.999987e-01 -1.650221e-05 6.792146e+01 5.722046e-06 -1.651160e-05 1.000000e+00 1.843147e-03
-9.999989e-01 1.481249e-03 1.063802e-05 4.745011e+01 -1.481250e-03 -9.999989e-01 -1.915902e-05 6.792117e+01 1.060963e-05 -1.917476e-05 1.000000e+00 1.841431e-03
-9.999990e-01 1.381115e-03 7.050260e-06 4.716850e+01 -1.381115e-03 -9.999990e-01 -1.224081e-05 6.792086e+01 7.033347e-06 -1.225054e-05 1.000000e+00 1.842728e-03
-9.999991e-01 1.304150e-03 8.952497e-06 4.688668e+01 -1.304150e-03 -9.999991e-01 -9.043079e-06 6.792056e+01 8.940696e-06 -9.054747e-06 1.000000e+00 1.842155e-03
-9.999992e-01 1.267398e-03 3.342583e-06 4.660511e+01 -1.267398e-03 -9.999992e-01 -3.724192e-06 6.792023e+01 3.337860e-06 -3.728426e-06 1.000000e+00 1.844101e-03
-9.999991e-01 1.341434e-03 4.040008e-06 4.632343e+01 -1.341434e-03 -9.999991e-01 9.774173e-06 6.791980e+01 4.053116e-06 9.768745e-06 1.000000e+00 1.843719e-03
-9.999991e-01 1.307878e-03 -1.665445e-06 4.604205e+01 -1.307878e-03 -9.999991e-01 -2.665342e-06 6.791946e+01 -1.668930e-06 -2.663161e-06 1.000000e+00 1.845741e-03
-9.999993e-01 1.223989e-03 9.779032e-09 4.576057e+01 -1.223989e-03 -9.999993e-01 -7.989474e-06 6.791919e+01 -8.271806e-25 -7.989480e-06 1.000000e+00 1.845169e-03
-9.999992e-01 1.257278e-03 -4.297224e-06 4.547937e+01 -1.257278e-03 -9.999992e-01 4.522997e-06 6.791881e+01 -4.291534e-06 4.528396e-06 1.000000e+00 1.846619e-03
-9.999991e-01 1.304949e-03 -1.081008e-06 4.519800e+01 -1.304949e-03 -9.999991e-01 6.225279e-06 6.791840e+01 -1.072884e-06 6.226685e-06 1.000000e+00 1.845512e-03
-9.999993e-01 1.178981e-03 -3.798995e-06 4.491684e+01 -1.178981e-03 -9.999993e-01 -1.332029e-05 6.791817e+01 -3.814697e-06 -1.331580e-05 1.000000e+00 1.846466e-03
-9.999993e-01 1.188302e-03 7.132275e-07 4.463547e+01 -1.188302e-03 -9.999993e-01 1.707209e-06 6.791783e+01 7.152557e-07 1.706360e-06 1.000000e+00 1.844864e-03
-9.999993e-01 1.147822e-03 -1.066769e-06 4.435424e+01 -1.147822e-03 -9.999993e-01 -5.327550e-06 6.791753e+01 -1.072884e-06 -5.326322e-06 1.000000e+00 1.845512e-03
-9.999993e-01 1.170992e-03 3.571759e-06 4.407275e+01 -1.170992e-03 -9.999993e-01 3.861362e-06 6.791719e+01 3.576278e-06 3.857177e-06 1.000000e+00 1.843910e-03
-9.999993e-01 1.219727e-03 1.304089e-06 4.379142e+01 -1.219727e-03 -9.999993e-01 5.914360e-06 6.791680e+01 1.311302e-06 5.912765e-06 1.000000e+00 1.844749e-03
-9.999995e-01 1.045557e-03 5.265254e-06 4.350984e+01 -1.045557e-03 -9.999995e-01 -1.916927e-05 6.791666e+01 5.245208e-06 -1.917476e-05 1.000000e+00 1.843300e-03
-9.999996e-01 8.828378e-04 1.923806e-06 4.322843e+01 -8.828378e-04 -9.999996e-01 -1.864043e-05 6.791654e+01 1.907349e-06 -1.864213e-05 1.000000e+00 1.844444e-03
-9.999996e-01 9.395631e-04 5.001924e-06 4.294682e+01 -9.395631e-04 -9.999996e-01 5.181501e-06 6.791622e+01 5.006790e-06 5.176799e-06 1.000000e+00 1.843452e-03
-9.999995e-01 1.016528e-03 1.063524e-06 4.266541e+01 -1.016528e-03 -9.999995e-01 9.207774e-06 6.791587e+01 1.072884e-06 9.206688e-06 1.000000e+00 1.844826e-03
-9.999996e-01 9.334378e-04 3.583237e-06 4.238384e+01 -9.334378e-04 -9.999996e-01 -7.453509e-06 6.791569e+01 3.576278e-06 -7.456851e-06 1.000000e+00 1.843948e-03
-9.999997e-01 8.279767e-04 -5.867851e-07 4.210249e+01 -8.279767e-04 -9.999997e-01 -1.118576e-05 6.791554e+01 -5.960464e-07 -1.118527e-05 1.000000e+00 1.845360e-03
-9.999996e-01 8.623315e-04 2.261725e-06 4.182097e+01 -8.623315e-04 -9.999996e-01 3.771703e-06 6.791526e+01 2.264976e-06 3.769751e-06 1.000000e+00 1.844444e-03
-9.999996e-01 9.153283e-04 -1.674841e-06 4.153968e+01 -9.153283e-04 -9.999996e-01 6.456816e-06 6.791496e+01 -1.668930e-06 6.458346e-06 1.000000e+00 1.845703e-03
-9.999997e-01 8.237156e-04 1.795597e-06 4.125820e+01 -8.237156e-04 -9.999997e-01 -9.053270e-06 6.791481e+01 1.788139e-06 -9.054746e-06 1.000000e+00 1.844597e-03
-9.999997e-01 8.154598e-04 -1.668929e-06 4.097693e+01 -8.154598e-04 -9.999997e-01 -1.360945e-09 6.791459e+01 -1.668930e-06 0.000000e+00 1.000000e+00 1.845665e-03
-9.999996e-01 8.476841e-04 2.261956e-06 4.069546e+01 -8.476841e-04 -9.999996e-01 3.564234e-06 6.791432e+01 2.264976e-06 3.562316e-06 1.000000e+00 1.844444e-03
-9.999997e-01 7.587345e-04 -5.887720e-07 4.041417e+01 -7.587345e-04 -9.999997e-01 -9.587828e-06 6.791418e+01 -5.960464e-07 -9.587379e-06 1.000000e+00 1.845436e-03
-9.999998e-01 6.546049e-04 2.987902e-06 4.013266e+01 -6.546049e-04 -9.999998e-01 -1.171595e-05 6.791409e+01 2.980232e-06 -1.171791e-05 1.000000e+00 1.844177e-03
-9.999998e-01 6.809702e-04 1.172992e-07 3.985134e+01 -6.809702e-04 -9.999998e-01 2.805054e-06 6.791387e+01 1.192093e-07 2.804973e-06 1.000000e+00 1.845131e-03
-9.999997e-01 7.257114e-04 3.691498e-06 3.956980e+01 -7.257113e-04 -9.999997e-01 5.498734e-06 6.791363e+01 3.695488e-06 5.496054e-06 1.000000e+00 1.843910e-03
-9.999998e-01 6.412891e-04 3.630929e-07 3.928845e+01 -6.412891e-04 -9.999998e-01 -8.521884e-06 6.791352e+01 3.576278e-07 -8.522115e-06 1.000000e+00 1.845016e-03
-9.999999e-01 5.387574e-04 3.701513e-06 3.900690e+01 -5.387575e-04 -9.999999e-01 -1.118328e-05 6.791345e+01 3.695488e-06 -1.118528e-05 1.000000e+00 1.843872e-03
-9.999998e-01 5.661880e-04 1.175229e-07 3.872555e+01 -5.661880e-04 -9.999998e-01 2.978470e-06 6.791326e+01 1.192093e-07 2.978403e-06 1.000000e+00 1.844978e-03
-9.999998e-01 6.111955e-04 3.334463e-06 3.844401e+01 -6.111954e-04 -9.999998e-01 5.558985e-06 6.791306e+01 3.337860e-06 5.556946e-06 1.000000e+00 1.844025e-03
-9.999998e-01 6.277070e-04 -5.981124e-07 3.816267e+01 -6.277070e-04 -9.999998e-01 3.291108e-06 6.791287e+01 -5.960464e-07 3.291482e-06 1.000000e+00 1.845207e-03
-9.999998e-01 6.332997e-04 2.859960e-06 3.788115e+01 -6.332997e-04 -9.999998e-01 1.678722e-06 6.791267e+01 2.861023e-06 1.676910e-06 1.000000e+00 1.844215e-03
-9.999998e-01 6.346312e-04 -5.966131e-07 3.759983e+01 -6.346312e-04 -9.999998e-01 8.926793e-07 6.791251e+01 -5.960464e-07 8.930577e-07 1.000000e+00 1.845360e-03
-9.999998e-01 6.362291e-04 2.622248e-06 3.731832e+01 -6.362291e-04 -9.999998e-01 5.614147e-07 6.791234e+01 2.622604e-06 5.597462e-07 1.000000e+00 1.844215e-03
-9.999999e-01 5.355617e-04 -5.897707e-07 3.703701e+01 -5.355617e-04 -9.999999e-01 -1.171822e-05 6.791226e+01 -5.960464e-07 -1.171791e-05 1.000000e+00 1.845398e-03
-9.999999e-01 5.382248e-04 2.741689e-06 3.675550e+01 -5.382248e-04 -9.999999e-01 2.326233e-07 6.791211e+01 2.741814e-06 2.311476e-07 1.000000e+00 1.844254e-03
-9.999998e-01 5.789712e-04 -5.985165e-07 3.647419e+01 -5.789712e-04 -9.999998e-01 4.266246e-06 6.791191e+01 -5.960464e-07 4.266592e-06 1.000000e+00 1.845283e-03
-9.999999e-01 4.822984e-04 2.985113e-06 3.619268e+01 -4.822985e-04 -9.999999e-01 -1.011857e-05 6.791186e+01 2.980232e-06 -1.012001e-05 1.000000e+00 1.844177e-03
-9.999999e-01 3.725762e-04 4.762706e-09 3.591136e+01 -3.725762e-04 -9.999999e-01 -1.278317e-05 6.791184e+01 0.000000e+00 -1.278317e-05 1.000000e+00 1.845245e-03
-9.999999e-01 4.055994e-04 3.217336e-06 3.562983e+01 -4.055994e-04 -9.999999e-01 3.242389e-06 6.791171e+01 3.218651e-06 3.241084e-06 1.000000e+00 1.844063e-03
-9.999998e-01 5.587312e-04 -1.018751e-08 3.534850e+01 -5.587312e-04 -9.999998e-01 1.823329e-05 6.791142e+01 8.271806e-25 1.823329e-05 1.000000e+00 1.845169e-03
-9.999998e-01 5.749765e-04 3.216541e-06 3.506697e+01 -5.749764e-04 -9.999998e-01 3.670183e-06 6.791124e+01 3.218651e-06 3.668333e-06 1.000000e+00 1.844025e-03
-9.999999e-01 5.414206e-04 1.153512e-09 3.478564e+01 -5.414206e-04 -9.999999e-01 -2.130528e-06 6.791112e+01 0.000000e+00 -2.130528e-06 1.000000e+00 1.845207e-03
-9.999999e-01 5.286374e-04 3.100286e-06 3.450411e+01 -5.286375e-04 -9.999999e-01 -1.596258e-06 6.791098e+01 3.099441e-06 -1.597897e-06 1.000000e+00 1.844063e-03
-9.999999e-01 5.243764e-04 -5.957670e-07 3.422278e+01 -5.243764e-04 -9.999999e-01 -5.329446e-07 6.791083e+01 -5.960464e-07 -5.326321e-07 1.000000e+00 1.845207e-03
-9.999999e-01 5.225122e-04 2.980232e-06 3.394126e+01 -5.225122e-04 -9.999999e-01 1.557208e-09 6.791068e+01 2.980232e-06 1.033976e-25 1.000000e+00 1.844139e-03
-9.999999e-01 5.219795e-04 -5.961138e-07 3.365993e+01 -5.219795e-04 -9.999999e-01 1.289877e-07 6.791054e+01 -5.960464e-07 1.292988e-07 1.000000e+00 1.845283e-03
-9.999999e-01 5.217132e-04 2.980116e-06 3.337841e+01 -5.217132e-04 -9.999999e-01 2.236206e-07 6.791039e+01 2.980232e-06 2.220658e-07 1.000000e+00 1.844139e-03
-9.999999e-01 5.217132e-04 -5.961836e-07 3.309710e+01 -5.217132e-04 -9.999999e-01 2.628358e-07 6.791024e+01 -5.960464e-07 2.631468e-07 1.000000e+00 1.845283e-03
-9.999999e-01 5.217132e-04 2.980102e-06 3.281557e+01 -5.217132e-04 -9.999999e-01 2.505150e-07 6.791010e+01 2.980232e-06 2.489602e-07 1.000000e+00 1.844139e-03
-9.999999e-01 5.217132e-04 -5.961909e-07 3.253426e+01 -5.217132e-04 -9.999999e-01 2.767745e-07 6.790995e+01 -5.960464e-07 2.770855e-07 1.000000e+00 1.845283e-03
-9.999999e-01 5.217132e-04 2.980087e-06 3.225273e+01 -5.217132e-04 -9.999999e-01 2.789980e-07 6.790981e+01 2.980232e-06 2.774432e-07 1.000000e+00 1.844139e-03
-9.999999e-01 4.207794e-04 -5.911157e-07 3.197141e+01 -4.207794e-04 -9.999999e-01 -1.171816e-05 6.790977e+01 -5.960464e-07 -1.171791e-05 1.000000e+00 1.845207e-03
-9.999999e-01 4.229100e-04 2.980161e-06 3.168989e+01 -4.229100e-04 -9.999999e-01 1.681154e-07 6.790965e+01 2.980232e-06 1.668550e-07 1.000000e+00 1.844101e-03
-9.999999e-01 4.639226e-04 -5.980150e-07 3.140856e+01 -4.639226e-04 -9.999999e-01 4.243292e-06 6.790948e+01 -5.960464e-07 4.243569e-06 1.000000e+00 1.845169e-03
-9.999999e-01 3.683151e-04 3.103169e-06 3.112704e+01 -3.683152e-04 -9.999999e-01 -1.011887e-05 6.790946e+01 3.099441e-06 -1.012001e-05 1.000000e+00 1.844101e-03
-9.999999e-01 4.585963e-04 -6.012934e-07 3.084571e+01 -4.585963e-04 -9.999999e-01 1.144131e-05 6.790926e+01 -5.960464e-07 1.144158e-05 1.000000e+00 1.845169e-03
-9.999999e-01 3.773699e-04 2.983850e-06 3.056419e+01 -3.773699e-04 -9.999999e-01 -9.586254e-06 6.790922e+01 2.980232e-06 -9.587379e-06 1.000000e+00 1.844101e-03
-9.999999e-01 3.328951e-04 -5.948052e-07 3.028287e+01 -3.328951e-04 -9.999999e-01 -3.728623e-06 6.790916e+01 -5.960464e-07 -3.728425e-06 1.000000e+00 1.845245e-03
-9.999999e-01 3.520699e-04 2.979711e-06 3.000134e+01 -3.520699e-04 -9.999999e-01 1.479306e-06 6.790904e+01 2.980232e-06 1.478257e-06 1.000000e+00 1.844101e-03
-9.999999e-01 3.592604e-04 -5.965686e-07 2.972002e+01 -3.592604e-04 -9.999999e-01 1.453424e-06 6.790894e+01 -5.960464e-07 1.453638e-06 1.000000e+00 1.845245e-03
-9.999999e-01 3.616573e-04 2.979876e-06 2.943850e+01 -3.616573e-04 -9.999999e-01 9.857473e-07 6.790884e+01 2.980232e-06 9.846695e-07 1.000000e+00 1.844101e-03
-9.999999e-01 3.624562e-04 -5.962884e-07 2.915718e+01 -3.624562e-04 -9.999999e-01 6.674872e-07 6.790874e+01 -5.960464e-07 6.677033e-07 1.000000e+00 1.845169e-03
-9.999999e-01 3.629889e-04 2.980054e-06 2.887565e+01 -3.629888e-04 -9.999999e-01 4.911009e-07 6.790865e+01 2.980232e-06 4.900192e-07 1.000000e+00 1.844101e-03
-9.999999e-01 4.639226e-04 -6.018211e-07 2.859432e+01 -4.639226e-04 -9.999999e-01 1.244742e-05 6.790844e+01 -5.960464e-07 1.244769e-05 1.000000e+00 1.845169e-03
-9.999999e-01 4.617921e-04 2.980022e-06 2.831280e+01 -4.617921e-04 -9.999999e-01 4.553693e-07 6.790831e+01 2.980232e-06 4.539931e-07 1.000000e+00 1.844101e-03
-9.999999e-01 3.198457e-04 -5.911059e-07 2.803147e+01 -3.198456e-04 -9.999999e-01 -1.544652e-05 6.790834e+01 -5.960464e-07 -1.544633e-05 1.000000e+00 1.845245e-03
-1.000000e+00 3.070625e-04 2.980886e-06 2.774995e+01 -3.070625e-04 -1.000000e+00 -2.129614e-06 6.790826e+01 2.980232e-06 -2.130529e-06 1.000000e+00 1.844063e-03
-9.999999e-01 4.434163e-04 -6.027800e-07 2.746863e+01 -4.434163e-04 -9.999999e-01 1.518564e-05 6.790802e+01 -5.960464e-07 1.518591e-05 1.000000e+00 1.845207e-03
-9.999999e-01 4.543353e-04 2.979172e-06 2.718710e+01 -4.543353e-04 -9.999999e-01 2.333760e-06 6.790789e+01 2.980232e-06 2.332406e-06 1.000000e+00 1.844063e-03
-9.999999e-01 4.183826e-04 -5.949321e-07 2.690578e+01 -4.183826e-04 -9.999999e-01 -2.663410e-06 6.790781e+01 -5.960464e-07 -2.663161e-06 1.000000e+00 1.845207e-03
-9.999999e-01 4.050668e-04 2.980879e-06 2.662426e+01 -4.050668e-04 -9.999999e-01 -1.596689e-06 6.790771e+01 2.980232e-06 -1.597896e-06 1.000000e+00 1.844063e-03
-9.999999e-01 4.002731e-04 -5.958332e-07 2.634293e+01 -4.002731e-04 -9.999999e-01 -5.328707e-07 6.790761e+01 -5.960464e-07 -5.326322e-07 1.000000e+00 1.845131e-03
-9.999999e-01 3.989415e-04 2.980232e-06 2.606141e+01 -3.989415e-04 -9.999999e-01 1.188938e-09 6.790749e+01 2.980232e-06 0.000000e+00 1.000000e+00 1.844063e-03
-9.999999e-01 3.978763e-04 -5.960966e-07 2.578008e+01 -3.978763e-04 -9.999999e-01 1.260896e-07 6.790736e+01 -5.960464e-07 1.263267e-07 1.000000e+00 1.845131e-03
-1.000000e+00 2.881540e-04 2.983915e-06 2.549856e+01 -2.881540e-04 -1.000000e+00 -1.278231e-05 6.790738e+01 2.980232e-06 -1.278317e-05 1.000000e+00 1.844063e-03
-1.000000e+00 2.724414e-04 -5.956111e-07 2.521724e+01 -2.724414e-04 -1.000000e+00 -1.598059e-06 6.790731e+01 -5.960464e-07 -1.597897e-06 1.000000e+00 1.845131e-03
-1.000000e+00 3.020025e-04 2.979361e-06 2.493571e+01 -3.020025e-04 -1.000000e+00 2.884113e-06 6.790720e+01 2.980232e-06 2.883213e-06 1.000000e+00 1.844063e-03
-9.999999e-01 4.130563e-04 -6.018771e-07 2.465439e+01 -4.130563e-04 -9.999999e-01 1.411573e-05 6.790699e+01 -5.960464e-07 1.411597e-05 1.000000e+00 1.845207e-03
-9.999999e-01 4.151868e-04 2.979685e-06 2.437286e+01 -4.151868e-04 -9.999999e-01 1.318859e-06 6.790688e+01 2.980232e-06 1.317622e-06 1.000000e+00 1.844101e-03
-1.000000e+00 2.751045e-04 -5.917970e-07 2.409154e+01 -2.751045e-04 -1.000000e+00 -1.544649e-05 6.790691e+01 -5.960464e-07 -1.544633e-05 1.000000e+00 1.845245e-03
-1.000000e+00 2.631203e-04 2.980793e-06 2.381002e+01 -2.631203e-04 -1.000000e+00 -2.129745e-06 6.790685e+01 2.980232e-06 -2.130529e-06 1.000000e+00 1.844101e-03
-1.000000e+00 2.990730e-04 -5.970216e-07 2.352869e+01 -2.990730e-04 -1.000000e+00 3.260469e-06 6.790673e+01 -5.960464e-07 3.260648e-06 1.000000e+00 1.845245e-03
-9.999999e-01 4.218447e-04 2.973793e-06 2.324717e+01 -4.218447e-04 -9.999999e-01 1.526363e-05 6.790651e+01 2.980232e-06 1.526238e-05 1.000000e+00 1.844101e-03
-9.999999e-01 4.412858e-04 -5.974433e-07 2.296585e+01 -4.412858e-04 -9.999999e-01 3.165432e-06 6.790636e+01 -5.960464e-07 3.165696e-06 1.000000e+00 1.845245e-03
-9.999999e-01 4.135889e-04 2.981113e-06 2.268432e+01 -4.135889e-04 -9.999999e-01 -2.129296e-06 6.790627e+01 2.980232e-06 -2.130529e-06 1.000000e+00 1.844101e-03
-9.999999e-01 4.040015e-04 -5.954008e-07 2.240300e+01 -4.040015e-04 -9.999999e-01 -1.598137e-06 6.790617e+01 -5.960464e-07 -1.597897e-06 1.000000e+00 1.845169e-03
-9.999999e-01 4.002731e-04 2.980445e-06 2.212147e+01 -4.002731e-04 -9.999999e-01 -5.314393e-07 6.790607e+01 2.980232e-06 -5.326322e-07 1.000000e+00 1.844101e-03
-9.999999e-01 3.984089e-04 -5.960464e-07 2.184015e+01 -3.984089e-04 -9.999999e-01 -2.374702e-10 6.790594e+01 -5.960464e-07 -6.938894e-18 1.000000e+00 1.845169e-03
-9.999999e-01 3.978763e-04 2.980225e-06 2.155862e+01 -3.978763e-04 -9.999999e-01 1.872717e-08 6.790582e+01 2.980232e-06 1.754141e-08 1.000000e+00 1.844101e-03
-9.999999e-01 3.978763e-04 -5.960960e-07 2.127730e+01 -3.978763e-04 -9.999999e-01 1.245445e-07 6.790569e+01 -5.960464e-07 1.247817e-07 1.000000e+00 1.845169e-03
-9.999999e-01 3.978763e-04 2.980165e-06 2.099577e+01 -3.978763e-04 -9.999999e-01 1.692739e-07 6.790557e+01 2.980232e-06 1.680882e-07 1.000000e+00 1.844101e-03
-9.999999e-01 3.978763e-04 -5.961240e-07 2.071445e+01 -3.978763e-04 -9.999999e-01 1.949181e-07 6.790545e+01 -5.960464e-07 1.951553e-07 1.000000e+00 1.845169e-03
-9.999999e-01 3.978763e-04 2.980141e-06 2.043293e+01 -3.978763e-04 -9.999999e-01 2.299513e-07 6.790533e+01 2.980232e-06 2.287656e-07 1.000000e+00 1.844101e-03
-9.999999e-01 3.978763e-04 -5.961434e-07 2.015160e+01 -3.978763e-04 -9.999999e-01 2.436292e-07 6.790520e+01 -5.960464e-07 2.438663e-07 1.000000e+00 1.845245e-03
-9.999999e-01 3.978763e-04 2.980139e-06 1.987008e+01 -3.978763e-04 -9.999999e-01 2.338477e-07 6.790508e+01 2.980232e-06 2.326620e-07 1.000000e+00 1.844101e-03
-9.999999e-01 3.978763e-04 -5.961461e-07 1.958875e+01 -3.978763e-04 -9.999999e-01 2.503159e-07 6.790496e+01 -5.960464e-07 2.505530e-07 1.000000e+00 1.845245e-03
-9.999999e-01 3.978763e-04 2.980136e-06 1.930723e+01 -3.978763e-04 -9.999999e-01 2.428836e-07 6.790484e+01 2.980232e-06 2.416978e-07 1.000000e+00 1.844101e-03
-9.999999e-01 4.988100e-04 -6.021579e-07 1.902591e+01 -4.988101e-04 -9.999999e-01 1.225207e-05 6.790462e+01 -5.960464e-07 1.225237e-05 1.000000e+00 1.845245e-03
-9.999999e-01 3.403519e-04 2.986396e-06 1.874438e+01 -3.403520e-04 -9.999999e-01 -1.810847e-05 6.790466e+01 2.980232e-06 -1.810949e-05 1.000000e+00 1.844101e-03
-1.000000e+00 2.785667e-04 -5.942659e-07 1.846306e+01 -2.785666e-04 -1.000000e+00 -6.391752e-06 6.790463e+01 -5.960464e-07 -6.391587e-06 1.000000e+00 1.845245e-03
-1.000000e+00 3.057309e-04 2.979755e-06 1.818155e+01 -3.057309e-04 -1.000000e+00 1.561922e-06 6.790453e+01 2.980232e-06 1.561011e-06 1.000000e+00 1.844101e-03
-9.999999e-01 4.162521e-04 -6.017748e-07 1.790022e+01 -4.162521e-04 -9.999999e-01 1.376166e-05 6.790431e+01 -5.960464e-07 1.376191e-05 1.000000e+00 1.845245e-03
-9.999999e-01 4.173173e-04 2.979717e-06 1.761870e+01 -4.173173e-04 -9.999999e-01 1.235470e-06 6.790420e+01 2.980232e-06 1.234226e-06 1.000000e+00 1.844101e-03
-9.999999e-01 3.779026e-04 -5.948387e-07 1.733738e+01 -3.779025e-04 -9.999999e-01 -3.196018e-06 6.790412e+01 -5.960464e-07 -3.195793e-06 1.000000e+00 1.845169e-03
-9.999999e-01 3.637878e-04 3.100022e-06 1.705585e+01 -3.637878e-04 -9.999999e-01 -1.596769e-06 6.790403e+01 3.099441e-06 -1.597897e-06 1.000000e+00 1.844025e-03
-9.999999e-01 3.592604e-04 -5.958550e-07 1.677453e+01 -3.592604e-04 -9.999999e-01 -5.328463e-07 6.790393e+01 -5.960464e-07 -5.326322e-07 1.000000e+00 1.845169e-03
-9.999999e-01 3.571299e-04 3.099441e-06 1.649300e+01 -3.571299e-04 -9.999999e-01 1.106903e-09 6.790383e+01 3.099441e-06 0.000000e+00 1.000000e+00 1.844101e-03
-9.999999e-01 3.563309e-04 -5.961107e-07 1.621168e+01 -3.563309e-04 -9.999999e-01 1.802398e-07 6.790373e+01 -5.960464e-07 1.804522e-07 1.000000e+00 1.845169e-03
-9.999999e-01 3.560646e-04 2.980129e-06 1.593015e+01 -3.560646e-04 -9.999999e-01 2.897581e-07 6.790363e+01 2.980232e-06 2.886970e-07 1.000000e+00 1.844101e-03
-9.999999e-01 3.560646e-04 -5.961536e-07 1.564883e+01 -3.560646e-04 -9.999999e-01 3.009872e-07 6.790354e+01 -5.960464e-07 3.011994e-07 1.000000e+00 1.845245e-03
-9.999999e-01 3.560646e-04 2.980121e-06 1.536730e+01 -3.560646e-04 -9.999999e-01 3.122304e-07 6.790344e+01 2.980232e-06 3.111692e-07 1.000000e+00 1.844101e-03
-9.999999e-01 3.560646e-04 -5.961542e-07 1.508598e+01 -3.560646e-04 -9.999999e-01 3.026518e-07 6.790334e+01 -5.960464e-07 3.028641e-07 1.000000e+00 1.845245e-03
-9.999999e-01 3.560646e-04 2.980129e-06 1.480446e+01 -3.560646e-04 -9.999999e-01 2.911004e-07 6.790324e+01 2.980232e-06 2.900393e-07 1.000000e+00 1.844101e-03
-9.999999e-01 3.560646e-04 -5.961491e-07 1.452313e+01 -3.560646e-04 -9.999999e-01 2.882004e-07 6.790314e+01 -5.960464e-07 2.884126e-07 1.000000e+00 1.845245e-03
-9.999999e-01 3.560646e-04 2.980133e-06 1.424161e+01 -3.560646e-04 -9.999999e-01 2.776973e-07 6.790305e+01 2.980232e-06 2.766362e-07 1.000000e+00 1.844101e-03
-9.999999e-01 3.560646e-04 -5.961433e-07 1.396029e+01 -3.560646e-04 -9.999999e-01 2.721154e-07 6.790295e+01 -5.960464e-07 2.723277e-07 1.000000e+00 1.845245e-03
-9.999999e-01 3.560646e-04 2.980136e-06 1.367876e+01 -3.560646e-04 -9.999999e-01 2.712865e-07 6.790285e+01 2.980232e-06 2.702254e-07 1.000000e+00 1.844101e-03
-9.999999e-01 3.560646e-04 -5.961393e-07 1.339744e+01 -3.560646e-04 -9.999999e-01 2.608908e-07 6.790276e+01 -5.960464e-07 2.611030e-07 1.000000e+00 1.845169e-03
-9.999999e-01 3.560646e-04 2.980134e-06 1.311592e+01 -3.560646e-04 -9.999999e-01 2.767953e-07 6.790266e+01 2.980232e-06 2.757342e-07 1.000000e+00 1.844101e-03
-9.999999e-01 3.560646e-04 -5.961356e-07 1.283459e+01 -3.560646e-04 -9.999999e-01 2.502858e-07 6.790257e+01 -5.960464e-07 2.504981e-07 1.000000e+00 1.845169e-03
-9.999999e-01 3.560646e-04 2.980136e-06 1.255307e+01 -3.560646e-04 -9.999999e-01 2.698761e-07 6.790247e+01 2.980232e-06 2.688149e-07 1.000000e+00 1.844101e-03
-9.999997e-01 -8.090681e-04 -1.185357e-06 1.227178e+01 8.090683e-04 -9.999997e-01 -1.390161e-04 6.790366e+01 -1.072884e-06 -1.390170e-04 1.000000e+00 1.845550e-03
-9.999986e-01 -1.694569e-03 2.082652e-06 1.199031e+01 1.694569e-03 -9.999986e-01 -1.075954e-04 6.790487e+01 2.264976e-06 -1.075917e-04 1.000000e+00 1.844444e-03
-9.999982e-01 -1.903626e-03 -1.141829e-06 1.170903e+01 1.903626e-03 -9.999982e-01 -3.621688e-05 6.790557e+01 -1.072884e-06 -3.621899e-05 1.000000e+00 1.845512e-03
-9.999979e-01 -2.036784e-03 2.827386e-06 1.142754e+01 2.036784e-03 -9.999979e-01 -1.651739e-05 6.790627e+01 2.861023e-06 -1.651160e-05 1.000000e+00 1.844292e-03
-9.999975e-01 -2.231195e-03 -4.040579e-08 1.114624e+01 2.231195e-03 -9.999975e-01 -1.810944e-05 6.790707e+01 3.308722e-24 -1.810949e-05 1.000000e+00 1.845131e-03
-9.999971e-01 -2.428268e-03 3.531000e-06 1.086471e+01 2.428268e-03 -9.999971e-01 -1.865075e-05 6.790793e+01 3.576278e-06 -1.864213e-05 1.000000e+00 1.843872e-03
-9.999967e-01 -2.584595e-03 3.204574e-07 1.058337e+01 2.584595e-03 -9.999967e-01 -1.438195e-05 6.790879e+01 3.576278e-07 -1.438107e-05 1.000000e+00 1.844864e-03
-9.999963e-01 -2.733199e-03 3.776832e-06 1.030182e+01 2.733199e-03 -9.999963e-01 -1.385881e-05 6.790969e+01 3.814697e-06 -1.384844e-05 1.000000e+00 1.843796e-03
-9.999961e-01 -2.810430e-03 3.426572e-07 1.002047e+01 2.810430e-03 -9.999961e-01 -5.327305e-06 6.791055e+01 3.576278e-07 -5.326321e-06 1.000000e+00 1.845245e-03
-9.999957e-01 -2.942522e-03 3.541783e-06 9.738924e+00 2.942522e-03 -9.999957e-01 -1.172838e-05 6.791149e+01 3.576278e-06 -1.171791e-05 1.000000e+00 1.843910e-03
-9.999954e-01 -3.035733e-03 -2.263700e-08 9.457582e+00 3.035733e-03 -9.999954e-01 -7.456816e-06 6.791242e+01 0.000000e+00 -7.456851e-06 1.000000e+00 1.845169e-03
-9.999951e-01 -3.126013e-03 2.955242e-06 9.176050e+00 3.126013e-03 -9.999951e-01 -7.998759e-06 6.791338e+01 2.980232e-06 -7.989482e-06 1.000000e+00 1.843986e-03
-9.999947e-01 -3.261035e-03 -6.394665e-07 8.894729e+00 3.261035e-03 -9.999947e-01 -1.331379e-05 6.791442e+01 -5.960464e-07 -1.331580e-05 1.000000e+00 1.845360e-03
-9.999945e-01 -3.328413e-03 2.722297e-06 8.613215e+00 3.328413e-03 -9.999945e-01 -5.868047e-06 6.791541e+01 2.741814e-06 -5.858953e-06 1.000000e+00 1.844215e-03
-9.999943e-01 -3.386469e-03 -6.140804e-07 8.331907e+00 3.386469e-03 -9.999943e-01 -5.324273e-06 6.791643e+01 -5.960464e-07 -5.326322e-06 1.000000e+00 1.845322e-03
-9.999941e-01 -3.436803e-03 2.728983e-06 8.050401e+00 3.436803e-03 -9.999941e-01 -3.737826e-06 6.791744e+01 2.741814e-06 -3.728425e-06 1.000000e+00 1.844292e-03
-9.999939e-01 -3.493261e-03 -6.127884e-07 7.769094e+00 3.493261e-03 -9.999939e-01 -4.791579e-06 6.791847e+01 -5.960464e-07 -4.793690e-06 1.000000e+00 1.845322e-03
-9.999935e-01 -3.602184e-03 2.820713e-06 7.487584e+00 3.602184e-03 -9.999935e-01 -1.119551e-05 6.791958e+01 2.861023e-06 -1.118528e-05 1.000000e+00 1.844101e-03
-9.999934e-01 -3.642131e-03 -6.076820e-07 7.206269e+00 3.642131e-03 -9.999934e-01 -3.193601e-06 6.792065e+01 -5.960464e-07 -3.195793e-06 1.000000e+00 1.845207e-03
-9.999844e-01 -5.578228e-03 1.647817e-07 6.924857e+00 5.578228e-03 -9.999844e-01 -2.269058e-04 6.792383e+01 1.430511e-06 -2.269013e-04 1.000000e+00 1.844711e-03
-9.999751e-01 -7.061312e-03 -3.398154e-06 6.643679e+00 7.061313e-03 -9.999751e-01 -1.773469e-04 6.792705e+01 -2.145767e-06 -1.773665e-04 1.000000e+00 1.845856e-03
