-1.000000e+00 5.326322e-07 -0.000000e+00 6.550000e+01 -5.326322e-07 -1.000000e+00 0.000000e+00 6.800000e+01 0.000000e+00 0.000000e+00 1.000000e+00 1.580276e-03
-1.000000e+00 5.326322e-07 -0.000000e+00 6.550000e+01 -5.326322e-07 -1.000000e+00 0.000000e+00 6.800000e+01 0.000000e+00 0.000000e+00 1.000000e+00 1.580276e-03
-1.000000e+00 5.326322e-07 -0.000000e+00 6.550000e+01 -5.326322e-07 -1.000000e+00 0.000000e+00 6.800000e+01 0.000000e+00 0.000000e+00 1.000000e+00 1.580276e-03
-1.000000e+00 5.326322e-07 -0.000000e+00 6.550000e+01 -5.326322e-07 -1.000000e+00 0.000000e+00 6.800000e+01 0.000000e+00 0.000000e+00 1.000000e+00 1.580276e-03
-1.000000e+00 5.326322e-07 -0.000000e+00 6.550000e+01 -5.326322e-07 -1.000000e+00 0.000000e+00 6.800000e+01 0.000000e+00 0.000000e+00 1.000000e+00 1.580276e-03
-1.000000e+00 5.326322e-07 -0.000000e+00 6.550000e+01 -5.326322e-07 -1.000000e+00 0.000000e+00 6.800000e+01 0.000000e+00 0.000000e+00 1.000000e+00 1.580276e-03
-1.000000e+00 5.326322e-07 -0.000000e+00 6.550000e+01 -5.326322e-07 -1.000000e+00 0.000000e+00 6.800000e+01 0.000000e+00 0.000000e+00 1.000000e+00 1.580276e-03
-1.000000e+00 5.326322e-07 -0.000000e+00 6.550000e+01 -5.326322e-07 -1.000000e+00 0.000000e+00 6.800000e+01 0.000000e+00 0.000000e+00 1.000000e+00 1.580276e-03
-1.000000e+00 5.326322e-07 -0.000000e+00 6.550000e+01 -5.326322e-07 -1.000000e+00 0.000000e+00 6.800000e+01 0.000000e+00 0.000000e+00 1.000000e+00 1.580276e-03
-1.000000e+00 5.326322e-07 -0.000000e+00 6.550000e+01 -5.326322e-07 -1.000000e+00 0.000000e+00 6.800000e+01 0.000000e+00 0.000000e+00 1.000000e+00 1.580276e-03
-1.000000e+00 5.326322e-07 -0.000000e+00 6.550000e+01 -5.326322e-07 -1.000000e+00 0.000000e+00 6.800000e+01 0.000000e+00 0.000000e+00 1.000000e+00 1.580276e-03
-1.000000e+00 5.326322e-07 -0.000000e+00 6.550000e+01 -5.326322e-07 -1.000000e+00 0.000000e+00 6.800000e+01 0.000000e+00 0.000000e+00 1.000000e+00 1.580276e-03
-1.000000e+00 5.326322e-07 -0.000000e+00 6.550000e+01 -5.326322e-07 -1.000000e+00 0.000000e+00 6.800000e+01 0.000000e+00 0.000000e+00 1.000000e+00 1.580276e-03
-1.000000e+00 5.326322e-07 -0.000000e+00 6.550000e+01 -5.326322e-07 -1.000000e+00 0.000000e+00 6.800000e+01 0.000000e+00 0.000000e+00 1.000000e+00 1.580276e-03
-1.000000e+00 5.326322e-07 -0.000000e+00 6.550000e+01 -5.326322e-07 -1.000000e+00 0.000000e+00 6.800000e+01 0.000000e+00 0.000000e+00 1.000000e+00 1.580276e-03
-1.000000e+00 5.326322e-07 -0.000000e+00 6.550000e+01 -5.326322e-07 -1.000000e+00 0.000000e+00 6.800000e+01 0.000000e+00 0.000000e+00 1.000000e+00 1.580276e-03
-1.000000e+00 5.326322e-07 -0.000000e+00 6.550000e+01 -5.326322e-07 -1.000000e+00 0.000000e+00 6.800000e+01 0.000000e+00 0.000000e+00 1.000000e+00 1.580276e-03
-1.000000e+00 5.326322e-07 -0.000000e+00 6.550000e+01 -5.326322e-07 -1.000000e+00 0.000000e+00 6.800000e+01 0.000000e+00 0.000000e+00 1.000000e+00 1.580276e-03
-1.000000e+00 5.326322e-07 -0.000000e+00 6.550000e+01 -5.326322e-07 -1.000000e+00 0.000000e+00 6.800000e+01 0.000000e+00 0.000000e+00 1.000000e+00 1.580276e-03
-1.000000e+00 5.326322e-07 -0.000000e+00 6.550000e+01 -5.326322e-07 -1.000000e+00 0.000000e+00 6.800000e+01 0.000000e+00 0.000000e+00 1.000000e+00 1.580276e-03
-1.000000e+00 5.326322e-07 -0.000000e+00 6.550000e+01 -5.326322e-07 -1.000000e+00 0.000000e+00 6.800000e+01 0.000000e+00 0.000000e+00 1.000000e+00 1.580276e-03
-1.000000e+00 5.326322e-07 -0.000000e+00 6.550000e+01 -5.326322e-07 -1.000000e+00 0.000000e+00 6.800000e+01 0.000000e+00 0.000000e+00 1.000000e+00 1.580276e-03
-1.000000e+00 5.326322e-07 -0.000000e+00 6.550000e+01 -5.326322e-07 -1.000000e+00 0.000000e+00 6.800000e+01 0.000000e+00 0.000000e+00 1.000000e+00 1.580276e-03
-1.000000e+00 5.326322e-07 -0.000000e+00 6.550000e+01 -5.326322e-07 -1.000000e+00 0.000000e+00 6.800000e+01 0.000000e+00 0.000000e+00 1.000000e+00 1.580276e-03
-1.000000e+00 5.326322e-07 -0.000000e+00 6.550000e+01 -5.326322e-07 -1.000000e+00 0.000000e+00 6.800000e+01 0.000000e+00 0.000000e+00 1.000000e+00 1.580276e-03
-1.000000e+00 5.326322e-07 -0.000000e+00 6.550000e+01 -5.326322e-07 -1.000000e+00 0.000000e+00 6.800000e+01 0.000000e+00 0.000000e+00 1.000000e+00 1.580276e-03
-1.000000e+00 5.326322e-07 -0.000000e+00 6.550000e+01 -5.326322e-07 -1.000000e+00 0.000000e+00 6.800000e+01 0.000000e+00 0.000000e+00 1.000000e+00 1.580276e-03
-1.000000e+00 5.326322e-07 -0.000000e+00 6.550000e+01 -5.326322e-07 -1.000000e+00 0.000000e+00 6.800000e+01 0.000000e+00 0.000000e+00 1.000000e+00 1.580276e-03
-1.000000e+00 5.326322e-07 -0.000000e+00 6.550000e+01 -5.326322e-07 -1.000000e+00 0.000000e+00 6.800000e+01 0.000000e+00 0.000000e+00 1.000000e+00 1.580276e-03
-1.000000e+00 5.326322e-07 -0.000000e+00 6.550000e+01 -5.326322e-07 -1.000000e+00 0.000000e+00 6.800000e+01 0.000000e+00 0.000000e+00 1.000000e+00 1.580276e-03
-1.000000e+00 5.326322e-07 -0.000000e+00 6.550000e+01 -5.326322e-07 -1.000000e+00 0.000000e+00 6.800000e+01 0.000000e+00 0.000000e+00 1.000000e+00 1.580276e-03
-1.000000e+00 5.326322e-07 -0.000000e+00 6.550000e+01 -5.326322e-07 -1.000000e+00 0.000000e+00 6.800000e+01 0.000000e+00 0.000000e+00 1.000000e+00 1.580276e-03
-1.000000e+00 7.989443e-07 -1.549721e-05 6.550092e+01 -7.989483e-07 -1.000000e+00 2.629872e-07 6.800000e+01 -1.549721e-05 2.629996e-07 1.000000e+00 1.399612e-03
-1.000000e+00 7.989489e-07 2.384185e-06 6.550079e+01 -7.989483e-07 -1.000000e+00 2.473641e-07 6.800000e+01 2.384186e-06 2.473622e-07 1.000000e+00 1.353798e-03
-1.000000e+00 7.989461e-07 -9.059906e-06 6.550152e+01 -7.989483e-07 -1.000000e+00 2.466567e-07 6.800000e+01 -9.059906e-06 2.466639e-07 1.000000e+00 1.387024e-03
-1.000000e+00 3.968112e-05 7.259845e-05 6.549797e+01 -3.968110e-05 -1.000000e+00 2.603107e-07 6.800002e+01 7.259846e-05 2.574299e-07 1.000000e+00 1.412010e-03
-1.000000e+00 1.757716e-05 1.660585e-04 6.548854e+01 -1.757686e-05 -1.000000e+00 1.815605e-06 6.799998e+01 1.660585e-04 1.812686e-06 1.000000e+00 1.435013e-03
-1.000000e+00 1.163803e-04 2.573727e-04 6.547276e+01 -1.163801e-04 -1.000000e+00 7.858018e-07 6.800002e+01 2.573728e-04 7.558487e-07 1.000000e+00 1.451988e-03
-9.999999e-01 3.547338e-04 3.739588e-04 6.544836e+01 -3.547330e-04 -9.999999e-01 2.016408e-06 6.800007e+01 3.739595e-04 1.883752e-06 9.999999e-01 1.451073e-03
-9.999998e-01 3.725769e-04 4.776710e-04 6.541473e+01 -3.725762e-04 -9.999999e-01 1.606666e-06 6.800007e+01 4.776716e-04 1.428697e-06 9.999999e-01 1.445694e-03
-9.999998e-01 3.930829e-04 5.339381e-04 6.537367e+01 -3.930825e-04 -9.999999e-01 8.580717e-07 6.800006e+01 5.339384e-04 6.481898e-07 9.999999e-01 1.448517e-03
-9.999996e-01 6.311708e-04 5.940179e-04 6.532356e+01 -6.311690e-04 -9.999998e-01 3.121839e-06 6.800010e+01 5.940198e-04 2.746912e-06 9.999998e-01 1.443939e-03
-9.999995e-01 8.114669e-04 6.542181e-04 6.526391e+01 -8.114649e-04 -9.999997e-01 3.216140e-06 6.800011e+01 6.542205e-04 2.685263e-06 9.999998e-01 1.434898e-03
-9.999996e-01 5.478126e-04 7.123942e-04 6.519392e+01 -5.478121e-04 -9.999998e-01 9.699397e-07 6.800000e+01 7.123946e-04 5.796812e-07 9.999997e-01 1.423111e-03
-9.999995e-01 6.340999e-04 7.530437e-04 6.511414e+01 -6.340984e-04 -9.999998e-01 2.237314e-06 6.799996e+01 7.530449e-04 1.759810e-06 9.999997e-01 1.414986e-03
-9.999995e-01 6.154578e-04 7.797467e-04 6.502484e+01 -6.154563e-04 -9.999998e-01 2.121826e-06 6.799991e+01 7.797479e-04 1.641925e-06 9.999997e-01 1.409683e-03
-9.999994e-01 6.908246e-04 8.113376e-04 6.492513e+01 -6.908237e-04 -9.999998e-01 1.358920e-06 6.799988e+01 8.113383e-04 7.984275e-07 9.999997e-01 1.401520e-03
-9.999994e-01 6.956187e-04 8.344638e-04 6.481532e+01 -6.956174e-04 -9.999998e-01 1.888427e-06 6.799981e+01 8.344649e-04 1.307958e-06 9.999997e-01 1.395454e-03
-9.999994e-01 6.868303e-04 8.565175e-04 6.469510e+01 -6.868289e-04 -9.999998e-01 1.886063e-06 6.799973e+01 8.565186e-04 1.297781e-06 9.999996e-01 1.389198e-03
-9.999994e-01 7.049398e-04 8.773791e-04 6.456427e+01 -7.049384e-04 -9.999998e-01 1.843626e-06 6.799963e+01 8.773802e-04 1.225126e-06 9.999996e-01 1.382942e-03
-9.999994e-01 6.910912e-04 8.963336e-04 6.442269e+01 -6.910900e-04 -9.999998e-01 1.626957e-06 6.799953e+01 8.963345e-04 1.007509e-06 9.999996e-01 1.377068e-03
-9.999993e-01 7.052058e-04 9.131421e-04 6.427029e+01 -7.052047e-04 -9.999998e-01 1.558133e-06 6.799944e+01 9.131430e-04 9.141798e-07 9.999996e-01 1.371765e-03
-9.999993e-01 6.868298e-04 9.282819e-04 6.410693e+01 -6.868289e-04 -9.999998e-01 1.317143e-06 6.799931e+01 9.282826e-04 6.795713e-07 9.999996e-01 1.366920e-03
-9.999993e-01 7.118635e-04 9.418717e-04 6.393250e+01 -7.118626e-04 -9.999997e-01 1.333876e-06 6.799920e+01 9.418724e-04 6.633918e-07 9.999996e-01 1.362534e-03
-9.999993e-01 6.892265e-04 9.509317e-04 6.374712e+01 -6.892257e-04 -9.999998e-01 1.157038e-06 6.799907e+01 9.509323e-04 5.016308e-07 9.999995e-01 1.359444e-03
-9.999993e-01 7.028086e-04 9.541504e-04 6.355098e+01 -7.028078e-04 -9.999998e-01 1.168434e-06 6.799893e+01 9.541510e-04 4.978487e-07 9.999995e-01 1.358490e-03
-9.999993e-01 6.982812e-04 9.520046e-04 6.334431e+01 -6.982805e-04 -9.999998e-01 1.110767e-06 6.799879e+01 9.520052e-04 4.460001e-07 9.999995e-01 1.359215e-03
-9.999993e-01 6.988138e-04 9.464018e-04 6.312728e+01 -6.988131e-04 -9.999998e-01 1.054995e-06 6.799864e+01 9.464023e-04 3.936360e-07 9.999996e-01 1.361160e-03
-9.999993e-01 6.993464e-04 9.393685e-04 6.290000e+01 -6.993457e-04 -9.999998e-01 1.017054e-06 6.799848e+01 9.393690e-04 3.601098e-07 9.999996e-01 1.363563e-03
-9.999993e-01 6.993464e-04 9.324544e-04 6.266250e+01 -6.993457e-04 -9.999998e-01 1.009322e-06 6.799831e+01 9.324549e-04 3.572130e-07 9.999996e-01 1.365852e-03
-9.999993e-01 7.001453e-04 9.266132e-04 6.241482e+01 -7.001447e-04 -9.999998e-01 9.667766e-07 6.799814e+01 9.266136e-04 3.180127e-07 9.999996e-01 1.367836e-03
-9.999993e-01 7.004116e-04 9.214871e-04 6.215693e+01 -7.004110e-04 -9.999998e-01 9.855993e-07 6.799796e+01 9.214876e-04 3.401789e-07 9.999996e-01 1.615105e-03
-9.999994e-01 7.001453e-04 8.324379e-04 6.189279e+01 -7.001448e-04 -9.999998e-01 9.127117e-07 6.799776e+01 8.324383e-04 3.298841e-07 9.999997e-01 1.718636e-03
-9.999995e-01 7.006778e-04 6.871218e-04 6.162754e+01 -7.006775e-04 -9.999998e-01 8.057688e-07 6.799757e+01 6.871222e-04 3.243176e-07 9.999998e-01 1.769829e-03
-9.999996e-01 7.006778e-04 6.073709e-04 6.135791e+01 -7.006775e-04 -9.999998e-01 7.317579e-07 6.799738e+01 6.073712e-04 3.061864e-07 9.999998e-01 1.773834e-03
-9.999996e-01 7.006778e-04 5.828138e-04 6.108219e+01 -7.006775e-04 -9.999998e-01 7.028858e-07 6.799718e+01 5.828142e-04 2.945210e-07 9.999998e-01 1.753845e-03
-9.999996e-01 7.006778e-04 6.066557e-04 6.079829e+01 -7.006775e-04 -9.999998e-01 7.128684e-07 6.799699e+01 6.066560e-04 2.877981e-07 9.999998e-01 1.720428e-03
-9.999995e-01 7.017431e-04 6.471868e-04 6.050548e+01 -7.017427e-04 -9.999998e-01 7.513271e-07 6.799679e+01 6.471872e-04 2.971681e-07 9.999998e-01 1.685715e-03
-9.999995e-01 7.009442e-04 7.033344e-04 6.020252e+01 -7.009438e-04 -9.999998e-01 7.922541e-07 6.799657e+01 7.033347e-04 2.992559e-07 9.999998e-01 1.650619e-03
-9.999995e-01 7.006779e-04 7.547135e-04 5.988928e+01 -7.006774e-04 -9.999998e-01 8.337162e-07 6.799635e+01 7.547139e-04 3.049050e-07 9.999997e-01 1.621361e-03
-9.999994e-01 7.049389e-04 8.078808e-04 5.956494e+01 -7.049385e-04 -9.999998e-01 8.957522e-07 6.799613e+01 8.078812e-04 3.262454e-07 9.999997e-01 1.594734e-03
-9.999994e-01 7.089337e-04 8.496040e-04 5.922969e+01 -7.089332e-04 -9.999997e-01 9.206088e-07 6.799590e+01 8.496045e-04 3.182957e-07 9.999996e-01 1.574516e-03
-9.999994e-01 6.964168e-04 8.897776e-04 5.888294e+01 -6.964163e-04 -9.999998e-01 8.745323e-07 6.799565e+01 8.897780e-04 2.548761e-07 9.999996e-01 1.556473e-03
-9.999993e-01 6.878947e-04 9.181493e-04 5.852501e+01 -6.878942e-04 -9.999998e-01 9.418026e-07 6.799539e+01 9.181498e-04 3.102124e-07 9.999996e-01 1.543808e-03
-9.999993e-01 7.153254e-04 9.458058e-04 5.815540e+01 -7.153247e-04 -9.999997e-01 1.070695e-06 6.799514e+01 9.458063e-04 3.941358e-07 9.999996e-01 1.532249e-03
-9.999993e-01 7.249127e-04 9.630911e-04 5.777450e+01 -7.249120e-04 -9.999997e-01 1.056204e-06 6.799487e+01 9.630916e-04 3.580473e-07 9.999995e-01 1.524849e-03
-9.999993e-01 6.972158e-04 9.808534e-04 5.738189e+01 -6.972152e-04 -9.999998e-01 9.439677e-07 6.799460e+01 9.808538e-04 2.601012e-07 9.999995e-01 1.517830e-03
-9.999993e-01 6.937537e-04 9.896748e-04 5.697800e+01 -6.937531e-04 -9.999998e-01 9.982499e-07 6.799431e+01 9.896753e-04 3.116592e-07 9.999995e-01 1.514092e-03
-9.999992e-01 7.097327e-04 9.999268e-04 5.656247e+01 -7.097320e-04 -9.999997e-01 1.068554e-06 6.799402e+01 9.999273e-04 3.588729e-07 9.999995e-01 1.510124e-03
-9.999992e-01 7.097327e-04 1.003265e-03 5.613567e+01 -7.097320e-04 -9.999997e-01 1.046238e-06 6.799372e+01 1.003265e-03 3.341886e-07 9.999995e-01 1.508598e-03
-9.999992e-01 7.073359e-04 1.009344e-03 5.569727e+01 -7.073352e-04 -9.999997e-01 1.060787e-06 6.799341e+01 1.009345e-03 3.468418e-07 9.999995e-01 1.506348e-03
-9.999992e-01 7.073359e-04 1.009344e-03 5.524764e+01 -7.073352e-04 -9.999997e-01 1.060787e-06 6.799309e+01 1.009345e-03 3.468418e-07 9.999995e-01 1.506004e-03
-9.999992e-01 7.081349e-04 1.013397e-03 5.478645e+01 -7.081341e-04 -9.999997e-01 1.110449e-06 6.799277e+01 1.013398e-03 3.928264e-07 9.999995e-01 1.504669e-03
-9.999992e-01 7.081349e-04 1.013397e-03 5.431404e+01 -7.081341e-04 -9.999997e-01 1.110449e-06 6.799242e+01 1.013398e-03 3.928264e-07 9.999995e-01 1.504974e-03
-9.999992e-01 7.081349e-04 1.013397e-03 5.383012e+01 -7.081341e-04 -9.999997e-01 1.110449e-06 6.799208e+01 1.013398e-03 3.928264e-07 9.999995e-01 1.504097e-03
-9.999992e-01 7.081349e-04 1.013397e-03 5.333499e+01 -7.081341e-04 -9.999997e-01 1.110449e-06 6.799174e+01 1.013398e-03 3.928264e-07 9.999995e-01 1.504631e-03
-9.999992e-01 7.105317e-04 1.014947e-03 5.282834e+01 -7.105310e-04 -9.999997e-01 1.086759e-06 6.799138e+01 1.014948e-03 3.656070e-07 9.999995e-01 1.503906e-03
-9.999992e-01 7.105317e-04 1.014947e-03 5.231046e+01 -7.105310e-04 -9.999997e-01 1.086759e-06 6.799101e+01 1.014948e-03 3.656070e-07 9.999995e-01 1.504173e-03
-9.999992e-01 7.118633e-04 1.017570e-03 5.178099e+01 -7.118625e-04 -9.999997e-01 1.125737e-06 6.799064e+01 1.017570e-03 4.013662e-07 9.999995e-01 1.502914e-03
-9.999992e-01 7.121296e-04 1.020431e-03 5.124002e+01 -7.121288e-04 -9.999997e-01 1.130060e-06 6.799025e+01 1.020431e-03 4.033811e-07 9.999995e-01 1.501923e-03
-9.999992e-01 7.121296e-04 1.024245e-03 5.068740e+01 -7.121288e-04 -9.999997e-01 1.093823e-06 6.798986e+01 1.024246e-03 3.644278e-07 9.999995e-01 1.500702e-03
-9.999992e-01 7.131949e-04 1.020192e-03 5.012360e+01 -7.131941e-04 -9.999997e-01 1.113217e-06 6.798946e+01 1.020193e-03 3.856207e-07 9.999995e-01 1.502037e-03
-9.999992e-01 7.137275e-04 1.014113e-03 4.954866e+01 -7.137267e-04 -9.999997e-01 1.125155e-06 6.798904e+01 1.014113e-03 4.013552e-07 9.999995e-01 1.504059e-03
-9.999992e-01 7.142601e-04 1.003741e-03 4.896295e+01 -7.142594e-04 -9.999997e-01 1.106694e-06 6.798862e+01 1.003742e-03 3.897609e-07 9.999995e-01 1.507492e-03
-9.999993e-01 7.142601e-04 9.930126e-04 4.836651e+01 -7.142594e-04 -9.999997e-01 1.098012e-06 6.798820e+01 9.930132e-04 3.887423e-07 9.999995e-01 1.511078e-03
-9.999993e-01 7.158580e-04 9.809725e-04 4.775956e+01 -7.158573e-04 -9.999997e-01 1.091339e-06 6.798777e+01 9.809730e-04 3.891021e-07 9.999995e-01 1.515198e-03
-9.999993e-01 7.161243e-04 9.691708e-04 4.714220e+01 -7.161236e-04 -9.999997e-01 1.070321e-06 6.798733e+01 9.691713e-04 3.762740e-07 9.999995e-01 1.519089e-03
-9.999993e-01 7.166570e-04 9.577267e-04 4.651456e+01 -7.166563e-04 -9.999997e-01 1.070093e-06 6.798689e+01 9.577273e-04 3.837315e-07 9.999995e-01 1.522980e-03
-9.999993e-01 7.169233e-04 9.473555e-04 4.587668e+01 -7.169226e-04 -9.999997e-01 1.077263e-06 6.798642e+01 9.473560e-04 3.980819e-07 9.999996e-01 1.526375e-03
-9.999993e-01 7.177222e-04 9.380572e-04 4.522866e+01 -7.177215e-04 -9.999997e-01 1.083575e-06 6.798595e+01 9.380577e-04 4.103105e-07 9.999996e-01 1.529503e-03
-9.999993e-01 7.179886e-04 9.300702e-04 4.457053e+01 -7.179879e-04 -9.999997e-01 1.088123e-06 6.798549e+01 9.300707e-04 4.203434e-07 9.999996e-01 1.532249e-03
-9.999993e-01 7.187875e-04 9.231561e-04 4.390232e+01 -7.187868e-04 -9.999997e-01 1.042937e-06 6.798500e+01 9.231566e-04 3.793844e-07 9.999996e-01 1.534538e-03
-9.999993e-01 7.190538e-04 9.173148e-04 4.322408e+01 -7.190531e-04 -9.999997e-01 1.075500e-06 6.798451e+01 9.173153e-04 4.159011e-07 9.999996e-01 1.536522e-03
-9.999993e-01 7.198528e-04 9.123080e-04 4.253582e+01 -7.198521e-04 -9.999997e-01 1.071890e-06 6.798402e+01 9.123085e-04 4.151622e-07 9.999996e-01 1.538162e-03
-9.999993e-01 7.206517e-04 9.078972e-04 4.183757e+01 -7.206510e-04 -9.999997e-01 1.079146e-06 6.798353e+01 9.078978e-04 4.248687e-07 9.999996e-01 1.539612e-03
-9.999993e-01 7.211843e-04 9.042018e-04 4.112936e+01 -7.211837e-04 -9.999997e-01 1.077184e-06 6.798302e+01 9.042023e-04 4.250879e-07 9.999996e-01 1.540832e-03
-9.999993e-01 7.214507e-04 8.941882e-04 4.041148e+01 -7.214500e-04 -9.999997e-01 1.081908e-06 6.798251e+01 8.941887e-04 4.367948e-07 9.999996e-01 1.544266e-03
-9.999994e-01 7.225159e-04 8.330338e-04 3.968668e+01 -7.225153e-04 -9.999997e-01 1.037128e-06 6.798199e+01 8.330344e-04 4.352475e-07 9.999997e-01 1.564789e-03
-9.999995e-01 7.227821e-04 6.804460e-04 3.896049e+01 -7.227817e-04 -9.999997e-01 9.029336e-07 6.798148e+01 6.804465e-04 4.111193e-07 9.999998e-01 1.616058e-03
-9.999996e-01 7.227820e-04 4.606242e-04 3.823782e+01 -7.227818e-04 -9.999997e-01 7.244297e-07 6.798096e+01 4.606246e-04 3.914986e-07 9.999999e-01 1.689796e-03
-9.999997e-01 7.227819e-04 2.211329e-04 3.752174e+01 -7.227818e-04 -9.999997e-01 4.898618e-07 6.798045e+01 2.211332e-04 3.300308e-07 1.000000e+00 1.770477e-03
-9.999997e-01 7.217166e-04 -6.914390e-06 3.681411e+01 -7.217166e-04 -9.999997e-01 3.466944e-07 6.797994e+01 -6.914138e-06 3.516845e-07 1.000000e+00 1.847191e-03
-9.999997e-01 7.211839e-04 -2.077820e-04 3.611604e+01 -7.211839e-04 -9.999997e-01 1.691468e-07 6.797942e+01 -2.077818e-04 3.189958e-07 1.000000e+00 1.914749e-03
-9.999997e-01 7.211839e-04 -3.755094e-04 3.542819e+01 -7.211839e-04 -9.999997e-01 8.695751e-09 6.797894e+01 -3.755092e-04 2.795071e-07 9.999999e-01 1.971245e-03
-9.999996e-01 7.206512e-04 -5.112886e-04 3.475091e+01 -7.206512e-04 -9.999997e-01 -1.672471e-07 6.797845e+01 -5.112886e-04 2.012137e-07 9.999999e-01 2.016983e-03
-9.999996e-01 7.198522e-04 -6.172656e-04 3.408437e+01 -7.198522e-04 -9.999997e-01 -2.268265e-07 6.797796e+01 -6.172656e-04 2.175137e-07 9.999998e-01 2.052650e-03
-9.999995e-01 7.190533e-04 -6.988047e-04 3.342860e+01 -7.190533e-04 -9.999997e-01 -3.299782e-07 6.797750e+01 -6.988048e-04 1.724998e-07 9.999998e-01 2.079964e-03
-9.999995e-01 7.185207e-04 -7.590054e-04 3.278358e+01 -7.185206e-04 -9.999997e-01 -3.817097e-07 6.797704e+01 -7.590055e-04 1.636515e-07 9.999997e-01 2.100258e-03
-9.999994e-01 7.179880e-04 -8.026360e-04 3.214922e+01 -7.179879e-04 -9.999997e-01 -3.960189e-07 6.797656e+01 -8.026360e-04 1.802643e-07 9.999997e-01 2.114906e-03
-9.999994e-01 7.177217e-04 -8.330342e-04 3.152540e+01 -7.177216e-04 -9.999997e-01 -4.534435e-07 6.797613e+01 -8.330344e-04 1.444434e-07 9.999997e-01 2.125130e-03
-9.999994e-01 7.166565e-04 -8.528229e-04 3.091200e+01 -7.166563e-04 -9.999997e-01 -5.071472e-07 6.797569e+01 -8.528231e-04 1.040341e-07 9.999996e-01 2.131805e-03
-9.999994e-01 7.166565e-04 -7.697341e-04 3.030403e+01 -7.166564e-04 -9.999997e-01 -4.696703e-07 6.797525e+01 -7.697342e-04 8.196476e-08 9.999997e-01 2.103806e-03
-9.999996e-01 7.161239e-04 -5.997418e-04 2.969556e+01 -7.161238e-04 -9.999997e-01 -3.405025e-07 6.797481e+01 -5.997419e-04 8.898709e-08 9.999998e-01 2.046814e-03
-9.999996e-01 7.161239e-04 -4.733800e-04 2.908814e+01 -7.161239e-04 -9.999997e-01 -2.343839e-07 6.797437e+01 -4.733801e-04 1.046149e-07 9.999999e-01 2.004356e-03
-9.999997e-01 7.161239e-04 -3.467798e-04 2.848001e+01 -7.161239e-04 -9.999997e-01 -1.029135e-07 6.797393e+01 -3.467798e-04 1.454239e-07 9.999999e-01 1.961746e-03
-9.999997e-01 7.161239e-04 -2.759695e-04 2.787296e+01 -7.161239e-04 -9.999997e-01 -2.775494e-08 6.797349e+01 -2.759695e-04 1.698735e-07 1.000000e+00 1.937942e-03
-9.999997e-01 7.161239e-04 -1.959801e-04 2.726517e+01 -7.161239e-04 -9.999997e-01 3.498867e-08 6.797305e+01 -1.959801e-04 1.753347e-07 1.000000e+00 1.911163e-03
-9.999997e-01 7.158576e-04 -1.623631e-04 2.665846e+01 -7.158576e-04 -9.999997e-01 9.855942e-08 6.797261e+01 -1.623630e-04 2.147883e-07 1.000000e+00 1.899872e-03
-9.999997e-01 7.158576e-04 -1.113416e-04 2.605103e+01 -7.158576e-04 -9.999997e-01 1.581391e-07 6.797217e+01 -1.113415e-04 2.378438e-07 1.000000e+00 1.882629e-03
-9.999997e-01 7.158576e-04 -9.906303e-05 2.544466e+01 -7.158576e-04 -9.999997e-01 1.284702e-07 6.797173e+01 -9.906291e-05 1.993852e-07 1.000000e+00 1.878433e-03
-9.999997e-01 7.158576e-04 -6.341949e-05 2.483755e+01 -7.158576e-04 -9.999997e-01 1.828220e-07 6.797129e+01 -6.341934e-05 2.282213e-07 1.000000e+00 1.866608e-03
-9.999997e-01 7.158576e-04 -6.341949e-05 2.423153e+01 -7.158576e-04 -9.999997e-01 1.828220e-07 6.797086e+01 -6.341934e-05 2.282213e-07 1.000000e+00 1.866455e-03
-9.999997e-01 7.158576e-04 -3.683581e-05 2.362476e+01 -7.158576e-04 -9.999997e-01 1.840322e-07 6.797041e+01 -3.683567e-05 2.104013e-07 1.000000e+00 1.857605e-03
-9.999997e-01 7.158576e-04 -4.315391e-05 2.301906e+01 -7.158576e-04 -9.999997e-01 1.947076e-07 6.796997e+01 -4.315376e-05 2.255996e-07 1.000000e+00 1.859779e-03
-9.999997e-01 7.158576e-04 -2.181547e-05 2.241262e+01 -7.158576e-04 -9.999997e-01 2.315133e-07 6.796954e+01 -2.181530e-05 2.471300e-07 1.000000e+00 1.852608e-03
-9.999997e-01 7.158576e-04 -3.194825e-05 2.180726e+01 -7.158576e-04 -9.999997e-01 2.211573e-07 6.796909e+01 -3.194809e-05 2.440277e-07 1.000000e+00 1.855926e-03
-9.999997e-01 7.158576e-04 -1.382844e-05 2.120115e+01 -7.158576e-04 -9.999997e-01 2.296187e-07 6.796866e+01 -1.382828e-05 2.395179e-07 1.000000e+00 1.849747e-03
-9.999997e-01 7.158576e-04 -2.563017e-05 2.059612e+01 -7.158576e-04 -9.999997e-01 2.376458e-07 6.796822e+01 -2.563000e-05 2.559933e-07 1.000000e+00 1.853828e-03
-9.999997e-01 7.158576e-04 -9.060082e-06 1.999035e+01 -7.158576e-04 -9.999997e-01 2.435141e-07 6.796777e+01 -9.059906e-06 2.499997e-07 1.000000e+00 1.848106e-03
-9.999997e-01 7.158576e-04 -2.241152e-05 1.938566e+01 -7.158576e-04 -9.999997e-01 2.350155e-07 6.796734e+01 -2.241134e-05 2.510589e-07 1.000000e+00 1.852608e-03
-9.999997e-01 7.158576e-04 -6.437486e-06 1.878021e+01 -7.158576e-04 -9.999997e-01 2.553944e-07 6.796690e+01 -6.437301e-06 2.600026e-07 1.000000e+00 1.847191e-03
-9.999997e-01 7.158576e-04 -2.026576e-05 1.817585e+01 -7.158576e-04 -9.999997e-01 2.449776e-07 6.796646e+01 -2.026558e-05 2.594849e-07 1.000000e+00 1.851997e-03
-9.999997e-01 7.158576e-04 -4.768557e-06 1.757074e+01 -7.158576e-04 -9.999997e-01 2.571659e-07 6.796602e+01 -4.768371e-06 2.605795e-07 1.000000e+00 1.846733e-03
-9.999997e-01 7.158576e-04 -1.919288e-05 1.696670e+01 -7.158576e-04 -9.999997e-01 2.463962e-07 6.796558e+01 -1.919269e-05 2.601355e-07 1.000000e+00 1.851616e-03
-9.999997e-01 7.158576e-04 -3.814880e-06 1.636192e+01 -7.158576e-04 -9.999997e-01 2.537350e-07 6.796514e+01 -3.814697e-06 2.564659e-07 1.000000e+00 1.846428e-03
-9.999997e-01 7.158576e-04 -1.871603e-05 1.575821e+01 -7.158576e-04 -9.999997e-01 2.302641e-07 6.796470e+01 -1.871586e-05 2.436620e-07 1.000000e+00 1.851387e-03
-9.999997e-01 7.158576e-04 -3.218827e-06 1.515375e+01 -7.158576e-04 -9.999997e-01 2.458402e-07 6.796426e+01 -3.218651e-06 2.481444e-07 1.000000e+00 1.846275e-03
-9.999997e-01 7.158576e-04 -1.811999e-05 1.455038e+01 -7.158576e-04 -9.999997e-01 2.389308e-07 6.796382e+01 -1.811981e-05 2.519020e-07 1.000000e+00 1.851311e-03
-9.999997e-01 7.158576e-04 -3.218822e-06 1.394625e+01 -7.158576e-04 -9.999997e-01 2.383409e-07 6.796338e+01 -3.218651e-06 2.406451e-07 1.000000e+00 1.846199e-03
-9.999997e-01 7.158576e-04 -1.811999e-05 1.334321e+01 -7.158576e-04 -9.999997e-01 2.408516e-07 6.796294e+01 -1.811981e-05 2.538228e-07 1.000000e+00 1.851234e-03
-9.999997e-01 7.158576e-04 -3.218834e-06 1.273941e+01 -7.158576e-04 -9.999997e-01 2.553886e-07 6.796250e+01 -3.218651e-06 2.576927e-07 1.000000e+00 1.846123e-03
-9.999997e-01 7.158576e-04 -1.811999e-05 1.213670e+01 -7.158576e-04 -9.999997e-01 2.370460e-07 6.796207e+01 -1.811981e-05 2.500173e-07 1.000000e+00 1.851234e-03
-9.999997e-01 7.158576e-04 -2.742009e-06 1.153323e+01 -7.158576e-04 -9.999997e-01 2.725226e-07 6.796162e+01 -2.741814e-06 2.744854e-07 1.000000e+00 1.846046e-03
-9.999997e-01 7.158576e-04 -1.811999e-05 1.093084e+01 -7.158576e-04 -9.999997e-01 2.386853e-07 6.796118e+01 -1.811981e-05 2.516566e-07 1.000000e+00 1.851158e-03
-9.999997e-01 7.158576e-04 -2.741972e-06 1.032770e+01 -7.158576e-04 -9.999997e-01 2.201586e-07 6.796075e+01 -2.741814e-06 2.221214e-07 1.000000e+00 1.846046e-03
-9.999997e-01 7.158576e-04 -1.811997e-05 9.725647e+00 -7.158576e-04 -9.999997e-01 2.185187e-07 6.796030e+01 -1.811981e-05 2.314899e-07 1.000000e+00 1.851158e-03
-9.999997e-01 7.158576e-04 -2.741988e-06 9.122830e+00 -7.158576e-04 -9.999997e-01 2.432925e-07 6.795987e+01 -2.741814e-06 2.452553e-07 1.000000e+00 1.846046e-03
-9.999997e-01 7.158576e-04 -1.811999e-05 8.521107e+00 -7.158576e-04 -9.999997e-01 2.470611e-07 6.795943e+01 -1.811981e-05 2.600324e-07 1.000000e+00 1.851158e-03
-9.999997e-01 7.158576e-04 -2.741994e-06 7.918618e+00 -7.158576e-04 -9.999997e-01 2.517109e-07 6.795898e+01 -2.741814e-06 2.536737e-07 1.000000e+00 1.846046e-03
-9.999997e-01 7.158576e-04 -1.811997e-05 7.317225e+00 -7.158576e-04 -9.999997e-01 2.138896e-07 6.795855e+01 -1.811981e-05 2.268609e-07 1.000000e+00 1.851158e-03
-9.999997e-01 7.158576e-04 -3.087538e-05 6.716322e+00 -7.158576e-04 -9.999997e-01 2.325673e-07 6.795811e+01 -3.087521e-05 2.546696e-07 1.000000e+00 1.855431e-03
-9.999997e-01 7.158576e-04 -1.741649e-04 6.123575e+00 -7.158576e-04 -9.999997e-01 1.344549e-07 6.795769e+01 -1.741648e-04 2.591321e-07 1.000000e+00 1.903572e-03
-9.999997e-01 7.153249e-04 -3.856421e-04 5.543464e+00 -7.153250e-04 -9.999997e-01 -3.531605e-08 6.795728e+01 -3.856420e-04 2.405434e-07 9.999999e-01 1.974754e-03
-9.999994e-01 6.592193e-04 -9.159881e-04 4.984000e+00 -6.588657e-04 -9.999997e-01 -3.862292e-04 6.795684e+01 -9.162424e-04 -3.856255e-04 9.999995e-01 2.371101e-03
-9.999994e-01 3.478226e-04 -9.907433e-04 4.445491e+00 -3.478087e-04 -9.999999e-01 -1.419303e-05 6.795599e+01 -9.907482e-04 -1.384843e-05 9.999995e-01 2.233238e-03
-9.999993e-01 2.699932e-04 -1.186144e-03 3.929356e+00 -2.700443e-04 -1.000000e+00 4.296718e-05 6.795557e+01 -1.186132e-03 4.328746e-05 9.999993e-01 2.233925e-03
-9.999992e-01 9.262903e-05 -1.289490e-03 3.431731e+00 -9.267793e-05 -1.000000e+00 3.786105e-05 6.795528e+01 -1.289487e-03 3.798053e-05 9.999992e-01 2.247200e-03
-9.999992e-01 2.058331e-04 -1.233105e-03 2.945091e+00 -2.058622e-04 -1.000000e+00 2.350024e-05 6.795517e+01 -1.233100e-03 2.375407e-05 9.999992e-01 2.225609e-03
-9.999995e-01 3.833464e-05 -9.938482e-04 2.459004e+00 -3.834950e-05 -1.000000e+00 1.493018e-05 6.795500e+01 -9.938476e-04 1.496828e-05 9.999995e-01 2.149353e-03
-9.999997e-01 1.821538e-04 -7.802261e-04 1.973888e+00 -1.821602e-04 -1.000000e+00 8.113254e-06 6.795497e+01 -7.802247e-04 8.255378e-06 9.999997e-01 2.083664e-03
-9.999998e-01 2.369922e-05 -5.794764e-04 1.488079e+00 -2.370213e-05 -1.000000e+00 5.008381e-06 6.795484e+01 -5.794763e-04 5.022115e-06 9.999998e-01 2.021790e-03
-9.999999e-01 1.728382e-04 -4.777911e-04 1.004478e+00 -1.728391e-04 -1.000000e+00 2.001807e-06 6.795483e+01 -4.777908e-04 2.084388e-06 9.999999e-01 1.992378e-03
-9.999999e-01 -1.571265e-05 -4.756450e-04 5.269335e-01 1.571265e-05 -1.000000e+00 7.473643e-09 6.795474e+01 -4.756450e-04 -4.440892e-16 9.999999e-01 1.995468e-03
-9.999998e-01 9.294669e-05 -6.344314e-04 6.373546e-02 -9.294430e-05 -1.000000e+00 -3.787393e-06 6.795478e+01 -6.344318e-04 -3.728425e-06 9.999998e-01 2.051621e-03
-9.999996e-01 -1.089183e-04 -8.559232e-04 -3.808973e-01 1.089232e-04 -1.000000e+00 -5.765723e-06 6.795476e+01 -8.559226e-04 -5.858951e-06 9.999996e-01 2.128182e-03
-9.999994e-01 -3.754051e-05 -1.111031e-03 -8.029330e-01 3.755055e-05 -1.000000e+00 -9.013026e-06 6.795486e+01 -1.111030e-03 -9.054740e-06 9.999994e-01 2.215080e-03
-9.999991e-01 -2.681673e-04 -1.283648e-03 -1.204572e+00 2.681801e-04 -1.000000e+00 -9.775761e-06 6.795492e+01 -1.283645e-03 -1.012000e-05 9.999992e-01 2.274170e-03
-9.999986e-01 6.913798e-04 -1.507271e-03 -1.581339e+00 -6.913558e-04 -9.999998e-01 -1.648840e-05 6.795540e+01 -1.507282e-03 -1.544632e-05 9.999989e-01 2.350426e-03
-9.999963e-01 1.813330e-03 -2.018699e-03 -1.915112e+00 -1.813342e-03 -9.999984e-01 4.061689e-06 6.795567e+01 -2.018689e-03 7.722266e-06 9.999980e-01 2.522774e-03
-9.999934e-01 2.652174e-03 -2.497015e-03 -2.204442e+00 -2.652231e-03 -9.999965e-01 1.922400e-05 6.795567e+01 -2.496955e-03 2.584653e-05 9.999969e-01 2.683983e-03
-9.999935e-01 2.684094e-03 -2.422912e-03 -2.472057e+00 -2.684189e-03 -9.999964e-01 3.599373e-05 6.795522e+01 -2.422807e-03 4.249705e-05 9.999971e-01 2.658882e-03
-9.999935e-01 3.033514e-03 -1.938829e-03 -2.741083e+00 -3.033596e-03 -9.999954e-01 3.982030e-05 6.795471e+01 -1.938699e-03 4.570167e-05 9.999981e-01 2.495956e-03
-9.999948e-01 2.839123e-03 -1.510744e-03 -3.008734e+00 -2.839189e-03 -9.999960e-01 4.167201e-05 6.795395e+01 -1.510619e-03 4.596108e-05 9.999989e-01 2.352295e-03
-9.999945e-01 3.104664e-03 -1.123427e-03 -3.277554e+00 -3.104706e-03 -9.999952e-01 3.620579e-05 6.795328e+01 -1.123309e-03 3.969351e-05 9.999994e-01 2.222328e-03
-9.999955e-01 2.878311e-03 -8.641235e-04 -3.544961e+00 -2.878339e-03 -9.999959e-01 3.167791e-05 6.795242e+01 -8.640288e-04 3.416501e-05 9.999996e-01 2.135429e-03
-9.999949e-01 3.130524e-03 -6.296260e-04 -3.813552e+00 -3.130540e-03 -9.999951e-01 2.515267e-05 6.795169e+01 -6.295442e-04 2.712361e-05 9.999998e-01 2.056847e-03
-9.999957e-01 2.897771e-03 -4.917997e-04 -4.080746e+00 -2.897781e-03 -9.999958e-01 2.050043e-05 6.795081e+01 -4.917383e-04 2.192547e-05 9.999999e-01 2.010498e-03
-9.999950e-01 3.147579e-03 -3.505267e-04 -4.349134e+00 -3.147585e-03 -9.999950e-01 1.578875e-05 6.795007e+01 -3.504753e-04 1.689198e-05 9.999999e-01 1.963119e-03
-9.999957e-01 2.914556e-03 -2.829212e-04 -4.616132e+00 -2.914559e-03 -9.999958e-01 1.249191e-05 6.794918e+01 -2.828836e-04 1.331644e-05 1.000000e+00 1.940193e-03
-9.999950e-01 3.164361e-03 -1.939848e-04 -4.884334e+00 -3.164363e-03 -9.999950e-01 9.590316e-06 6.794844e+01 -1.939535e-04 1.020411e-05 1.000000e+00 1.910439e-03
-9.999957e-01 2.931070e-03 -1.657235e-04 -5.151150e+00 -2.931071e-03 -9.999957e-01 7.478464e-06 6.794755e+01 -1.657009e-04 7.964179e-06 1.000000e+00 1.900825e-03
-9.999949e-01 3.180075e-03 -1.065923e-04 -5.419173e+00 -3.180075e-03 -9.999949e-01 5.865087e-06 6.794681e+01 -1.065731e-04 6.204029e-06 1.000000e+00 1.880951e-03
-9.999957e-01 2.947049e-03 -9.967277e-05 -5.685813e+00 -2.947050e-03 -9.999957e-01 4.539843e-06 6.794590e+01 -9.965896e-05 4.833564e-06 1.000000e+00 1.878662e-03
-9.999949e-01 3.196587e-03 -5.759017e-05 -5.953664e+00 -3.196587e-03 -9.999949e-01 3.688969e-06 6.794515e+01 -5.757808e-05 3.873043e-06 1.000000e+00 1.864471e-03
-9.999956e-01 2.963029e-03 -6.283199e-05 -6.220134e+00 -2.963029e-03 -9.999956e-01 2.842823e-06 6.794423e+01 -6.282329e-05 3.028983e-06 1.000000e+00 1.866302e-03
-9.999948e-01 3.212299e-03 -2.981038e-05 -6.487817e+00 -3.212299e-03 -9.999948e-01 2.461527e-06 6.794347e+01 -2.980232e-05 2.557274e-06 1.000000e+00 1.855240e-03
-9.999956e-01 2.978741e-03 -4.268287e-05 -6.754118e+00 -2.978741e-03 -9.999956e-01 1.930883e-06 6.794255e+01 -4.267692e-05 2.058016e-06 1.000000e+00 1.859474e-03
-9.999948e-01 3.228545e-03 -1.443018e-05 -7.021632e+00 -3.228545e-03 -9.999948e-01 1.789956e-06 6.794179e+01 -1.442432e-05 1.836535e-06 1.000000e+00 1.850090e-03
-9.999955e-01 2.994986e-03 -3.087954e-05 -7.287766e+00 -2.994986e-03 -9.999955e-01 1.401473e-06 6.794087e+01 -3.087521e-05 1.493951e-06 1.000000e+00 1.855621e-03
-9.999947e-01 3.244257e-03 -5.845876e-06 -7.555115e+00 -3.244257e-03 -9.999947e-01 1.414943e-06 6.794011e+01 -5.841255e-06 1.433901e-06 1.000000e+00 1.847191e-03
-9.999955e-01 3.010699e-03 -2.456060e-05 -7.821082e+00 -3.010699e-03 -9.999955e-01 1.120605e-06 6.793919e+01 -2.455711e-05 1.194544e-06 1.000000e+00 1.853371e-03
-9.999947e-01 3.260502e-03 -1.076756e-06 -8.088264e+00 -3.260502e-03 -9.999947e-01 1.185808e-06 6.793843e+01 -1.072884e-06 1.189312e-06 1.000000e+00 1.845512e-03
-9.999954e-01 3.026678e-03 -2.074538e-05 -8.354066e+00 -3.026678e-03 -9.999954e-01 9.499214e-07 6.793752e+01 -2.074241e-05 1.012707e-06 1.000000e+00 1.852112e-03
-9.999946e-01 3.275949e-03 1.784586e-06 -8.621082e+00 -3.275949e-03 -9.999946e-01 1.087630e-06 6.793675e+01 1.788139e-06 1.081778e-06 1.000000e+00 1.844749e-03
-9.999954e-01 3.042657e-03 -1.871856e-05 -8.886718e+00 -3.042657e-03 -9.999954e-01 8.606898e-07 6.793584e+01 -1.871586e-05 9.176400e-07 1.000000e+00 1.851463e-03
-9.999946e-01 3.292726e-03 3.215337e-06 -9.153568e+00 -3.292726e-03 -9.999946e-01 1.011627e-06 6.793506e+01 3.218651e-06 1.001035e-06 1.000000e+00 1.844215e-03
-9.999953e-01 3.058636e-03 -1.764555e-05 -9.419039e+00 -3.058636e-03 -9.999953e-01 8.152498e-07 6.793414e+01 -1.764297e-05 8.692173e-07 1.000000e+00 1.851044e-03
-9.999945e-01 3.308972e-03 4.049868e-06 -9.685723e+00 -3.308972e-03 -9.999945e-01 9.880765e-07 6.793335e+01 4.053116e-06 9.746702e-07 1.000000e+00 1.843872e-03
-9.999953e-01 3.074881e-03 -1.704943e-05 -9.951027e+00 -3.074881e-03 -9.999953e-01 7.889727e-07 6.793240e+01 -1.704693e-05 8.413939e-07 1.000000e+00 1.850929e-03
-9.999945e-01 3.324950e-03 4.646032e-06 -1.021755e+01 -3.324950e-03 -9.999945e-01 9.489289e-07 6.793162e+01 4.649162e-06 9.334758e-07 1.000000e+00 1.843605e-03
-9.999952e-01 3.090860e-03 -1.657251e-05 -1.048269e+01 -3.090860e-03 -9.999952e-01 7.564636e-07 6.793068e+01 -1.657009e-05 8.076833e-07 1.000000e+00 1.850700e-03
-9.999944e-01 3.340929e-03 4.884444e-06 -1.074904e+01 -3.340929e-03 -9.999944e-01 9.471741e-07 6.792989e+01 4.887581e-06 9.308502e-07 1.000000e+00 1.843491e-03
-9.999952e-01 3.107371e-03 -1.657253e-05 -1.101401e+01 -3.107371e-03 -9.999952e-01 7.585871e-07 6.792895e+01 -1.657009e-05 8.100804e-07 1.000000e+00 1.850624e-03
-9.999944e-01 3.356642e-03 5.003662e-06 -1.128020e+01 -3.356642e-03 -9.999944e-01 9.401454e-07 6.792816e+01 5.006790e-06 9.233446e-07 1.000000e+00 1.843414e-03
-9.999951e-01 3.123084e-03 -1.657252e-05 -1.154501e+01 -3.123084e-03 -9.999951e-01 7.524760e-07 6.792722e+01 -1.657009e-05 8.042297e-07 1.000000e+00 1.850586e-03
-9.999943e-01 3.372887e-03 5.122904e-06 -1.181104e+01 -3.372887e-03 -9.999943e-01 9.261319e-07 6.792644e+01 5.125999e-06 9.088476e-07 1.000000e+00 1.843452e-03
-9.999951e-01 3.139063e-03 -1.597649e-05 -1.207568e+01 -3.139063e-03 -9.999951e-01 7.535472e-07 6.792549e+01 -1.597404e-05 8.036947e-07 1.000000e+00 1.850624e-03
-9.999943e-01 3.388866e-03 5.122875e-06 -1.234154e+01 -3.388866e-03 -9.999943e-01 9.305898e-07 6.792470e+01 5.125999e-06 9.132238e-07 1.000000e+00 1.843414e-03
-9.999950e-01 3.163297e-03 -3.886869e-05 -1.260505e+01 -3.163297e-03 -9.999950e-01 1.982855e-06 6.792374e+01 -3.886223e-05 2.105798e-06 1.000000e+00 1.858215e-03
-9.999993e-01 1.087630e-03 -3.979324e-04 -1.285133e+01 -1.087635e-03 -9.999994e-01 1.064519e-05 6.792210e+01 -3.979206e-04 1.107799e-05 9.999999e-01 1.916847e-03
-9.999986e-01 -1.004559e-03 -1.365053e-03 -1.303399e+01 1.004543e-03 -9.999995e-01 1.245879e-05 6.792046e+01 -1.365065e-03 1.108752e-05 9.999991e-01 2.054939e-03
-9.999953e-01 -1.935016e-03 -2.383612e-03 -1.314942e+01 1.935046e-03 -9.999981e-01 -1.030131e-05 6.791948e+01 -2.383587e-03 -1.491366e-05 9.999972e-01 2.335205e-03
-9.999923e-01 -2.224106e-03 -3.238538e-03 -1.319830e+01 2.224259e-03 -9.999975e-01 -4.339678e-05 6.791909e+01 -3.238434e-03 -5.059980e-05 9.999948e-01 2.618294e-03
-9.999913e-01 -2.233572e-03 -3.525064e-03 -1.320028e+01 2.233844e-03 -9.999975e-01 -7.308578e-05 6.791907e+01 -3.524892e-03 -8.095959e-05 9.999938e-01 2.733307e-03
-9.999929e-01 -2.233625e-03 -3.030817e-03 -1.320046e+01 2.233847e-03 -9.999975e-01 -6.992879e-05 6.791907e+01 -3.030653e-03 -7.669868e-05 9.999954e-01 2.592163e-03
-9.999946e-01 -2.233973e-03 -2.396477e-03 -1.320070e+01 2.234118e-03 -9.999975e-01 -5.749671e-05 6.791906e+01 -2.396343e-03 -6.285041e-05 9.999971e-01 2.403450e-03
-9.999958e-01 -2.234035e-03 -1.828654e-03 -1.320091e+01 2.234120e-03 -9.999975e-01 -4.438419e-05 6.791906e+01 -1.828550e-03 -4.846944e-05 9.999983e-01 2.233658e-03
-9.999966e-01 -2.234074e-03 -1.372773e-03 -1.320108e+01 2.234122e-03 -9.999975e-01 -3.368475e-05 6.791905e+01 -1.372694e-03 -3.675158e-05 9.999991e-01 2.097168e-03
-9.999970e-01 -2.234096e-03 -1.022160e-03 -1.320121e+01 2.234123e-03 -9.999975e-01 -2.541330e-05 6.791904e+01 -1.022100e-03 -2.769685e-05 9.999995e-01 1.992149e-03
-9.999972e-01 -2.234108e-03 -7.585731e-04 -1.320130e+01 2.234123e-03 -9.999975e-01 -1.907795e-05 6.791904e+01 -7.585286e-04 -2.077265e-05 9.999997e-01 1.912880e-03
-9.999973e-01 -2.234115e-03 -5.619856e-04 -1.320138e+01 2.234124e-03 -9.999975e-01 -1.419082e-05 6.791904e+01 -5.619525e-04 -1.544633e-05 9.999998e-01 1.853485e-03
-9.999974e-01 -2.233587e-03 -3.729107e-04 -1.320380e+01 2.233591e-03 -9.999975e-01 -1.035237e-05 6.791904e+01 -3.728866e-04 -1.118528e-05 9.999999e-01 1.794662e-03
-9.999975e-01 -2.233590e-03 -2.067274e-04 -1.321013e+01 2.233591e-03 -9.999975e-01 -8.060391e-06 6.791907e+01 -2.067089e-04 -8.522115e-06 1.000000e+00 1.742020e-03
-9.999975e-01 -2.233591e-03 -1.007459e-04 -1.321845e+01 2.233591e-03 -9.999975e-01 -6.166576e-06 6.791909e+01 -1.007318e-04 -6.391586e-06 1.000000e+00 1.708679e-03
-9.999975e-01 -2.233591e-03 -3.994572e-05 -1.322789e+01 2.233591e-03 -9.999975e-01 -4.704479e-06 6.791911e+01 -3.993511e-05 -4.793689e-06 1.000000e+00 1.689796e-03
-9.999975e-01 -2.233591e-03 -1.073595e-05 -1.323779e+01 2.233591e-03 -9.999975e-01 -3.171821e-06 6.791914e+01 -1.072884e-05 -3.195793e-06 1.000000e+00 1.681061e-03
-9.999975e-01 -2.233591e-03 2.855067e-06 -1.324796e+01 2.233591e-03 -9.999975e-01 -2.669544e-06 6.791917e+01 2.861023e-06 -2.663160e-06 1.000000e+00 1.677246e-03
-9.999975e-01 -2.233591e-03 5.360836e-06 -1.325811e+01 2.233591e-03 -9.999975e-01 -1.609874e-06 6.791918e+01 5.364418e-06 -1.597897e-06 1.000000e+00 1.676826e-03
-9.999975e-01 -2.233591e-03 5.360836e-06 -1.326827e+01 2.233591e-03 -9.999975e-01 -1.609874e-06 6.791920e+01 5.364418e-06 -1.597897e-06 1.000000e+00 1.677055e-03
-9.999975e-01 -2.233591e-03 1.904964e-06 -1.327826e+01 2.233591e-03 -9.999975e-01 -1.069522e-06 6.791924e+01 1.907349e-06 -1.065264e-06 1.000000e+00 1.678467e-03
-9.999975e-01 -2.233591e-03 -1.189683e-09 -1.328818e+01 2.233591e-03 -9.999975e-01 -5.326309e-07 6.791926e+01 0.000000e+00 -5.326322e-07 1.000000e+00 1.679344e-03
-9.999975e-01 -2.233591e-03 -4.292713e-06 -1.329790e+01 2.233591e-03 -9.999975e-01 -5.230453e-07 6.791928e+01 -4.291534e-06 -5.326321e-07 1.000000e+00 1.680679e-03
-9.999975e-01 -2.233591e-03 -4.292713e-06 -1.330752e+01 2.233591e-03 -9.999975e-01 -5.230453e-07 6.791930e+01 -4.291534e-06 -5.326321e-07 1.000000e+00 1.681175e-03
-9.999975e-01 -2.233591e-03 -8.583047e-06 -1.331692e+01 2.233591e-03 -9.999975e-01 1.917107e-08 6.791933e+01 -8.583068e-06 -1.654361e-24 1.000000e+00 1.682167e-03
-9.999975e-01 -2.233591e-03 -8.583047e-06 -1.332623e+01 2.233591e-03 -9.999975e-01 1.917107e-08 6.791936e+01 -8.583068e-06 -1.654361e-24 1.000000e+00 1.682358e-03
-9.999975e-01 -2.233591e-03 -1.120548e-05 -1.333532e+01 2.233591e-03 -9.999975e-01 9.975614e-08 6.791938e+01 -1.120567e-05 7.472744e-08 1.000000e+00 1.683083e-03
-9.999975e-01 -2.233591e-03 -1.120548e-05 -1.334432e+01 2.233591e-03 -9.999975e-01 9.975614e-08 6.791940e+01 -1.120567e-05 7.472744e-08 1.000000e+00 1.683083e-03
-9.999975e-01 -2.233591e-03 -1.120548e-05 -1.335310e+01 2.233591e-03 -9.999975e-01 9.975614e-08 6.791943e+01 -1.120567e-05 7.472744e-08 1.000000e+00 1.683540e-03
